    1   0.017  165.7967  +27.9728 A   NGC 3504           11 03 11.2  +27 58 22   0.005  H2   1188
    1   0.012  204.9833  -31.6400 A   NGC 5253           13 39 56.0  -31 38 24   0.001  H2   2402
    1   0.051  172.1317  +58.5622 A   MARK  171          11 28 31.6  +58 33 44   0.010  H2    779
    1   0.039  248.1608  +78.1978 A   NGC 6217           16 32 38.6  +78 11 52   0.005  H2    109
    1   0.006  192.0629  +10.9836 A   NGC 4694           12 48 15.1  +10 59 01   0.004  H2   1971
    1   0.026  308.7796  +64.8025 A   NGC 6949           20 35 07.1  +64 48 09   0.009  H2   1610
    1   0.025  352.1158  +22.4214 A   NGC 7678           23 28 27.8  +22 25 17   0.012  H2    838
    1   0.088  023.7713  -41.4364 A   NGC  625           01 35 05.1  -41 26 11   0.001  H2   1971
    1   0.048  138.3771  -60.7892 A   F  280             09 13 30.5  -60 47 21   0.010  H2   2409
    1   0.006  194.4371  -29.7664 A   ESO 443-G17        12 57 44.9  -29 45 59   0.010  H2   2381
    1   0.007  287.0683  +50.9331 A   NGC 6764           19 08 16.4  +50 55 59   0.008  H2    109
    1   0.056  228.8467  +55.5181 A   NGC 5905           15 15 23.2  +55 31 05   0.011  H2   1248
    1   0.017  148.0337  +29.2361 A   NGC 3032           09 52 08.1  +29 14 10   0.005  H2   2409
    1   0.004  354.0587   +2.1550 A   NGC 7714           23 36 14.1  +02 09 18   0.009  H2   2298
    1   0.009  186.4283   +0.5725 A   MARK   52          12 25 42.8  +00 34 21   0.007  H2   2490
    1   0.017  264.2025  +72.0889 A   NGC 6434           17 36 48.6  +72 05 20   0.008  H2   1610
    1   0.017  345.5142  +27.0528 A   MARK 1127          23 02 03.4  +27 03 10   0.025  H2   1713
    1   0.042  256.1412  +72.4458 A   UGC 10713          17 04 33.9  +72 26 45   0.004  H2   1610
    1   0.018  019.8254   +4.5783 A   MARK  567          01 19 18.1  +04 34 42   0.033  H2   2409
    2   0.205  349.5908   -4.4156 A   NGC 7592E          23 18 21.8  -04 24 56   0.024  H2   2426
    1   0.035  214.4942  +26.4131 A   MARK 1510          14 17 58.6  +26 24 47   0.015  H2   2427
    1   0.034  178.5517   +0.1367 A   MARK 1308          11 54 12.4  +00 08 12   0.004  H2   2409
    1   0.031  254.7867  +28.9919 A   UGC 10639          16 59 08.8  +28 59 31   0.032  H2    576
    1   0.011  241.4033  +17.8019 A   MARK  298          16 05 36.8  +17 48 07   0.034  H2   2409
    1   0.004  160.9692   -1.2944 A   MARK 1261          10 43 52.6  -01 17 40   0.026  H2   2409
    1   0.013  356.0050  +27.7156 A   MARK 1133          23 44 01.2  +27 42 56   0.024  H2    548
    1   0.014  358.3283   +3.7178 A   UM  11             23 53 18.8  +03 43 04   0.038  H2    838
    1   0.043  357.1733   +2.2403 A   KUG 2346+019A      23 48 41.6  +02 14 25   0.031  H2    576
    1   0.007  121.7729  +27.1261 A   MARK 1212          08 07 05.5  +27 07 34   0.041  H2   2389
    1   0.015  113.8979  +56.0472 A   MARK 1408          07 35 35.5  +56 02 50   0.034  H2   1707
