    1   0.023  040.6696   -0.0131 A   NGC 1068           02 42 40.7  -00 00 47   0.003  S1h    58
    1   0.076  189.0858  +25.9864 A   NGC 4565           12 36 20.6  +25 59 11   0.004  S1.9 1033
    1   0.043  065.0029  -54.9381 A   NGC 1566           04 20 00.7  -54 56 17   0.004  S1.5 2583
    1   0.016  198.3646  +36.5939 A   NGC 5033           13 13 27.5  +36 35 38   0.003  S1.8 1545
    1   0.022  349.5979  -42.3706 A   NGC 7582           23 18 23.5  -42 22 14   0.005  S1i  1887
    1   0.006  045.3092  +44.8972 A   NGC 1161           03 01 14.2  +44 53 50   0.007  S1.9 1033
    1   0.031  182.6354  +39.4058 A   NGC 4151           12 10 32.5  +39 24 21   0.003  S1.5 1718
    1   0.033  147.5921  +72.2792 A   NGC 2985           09 50 22.1  +72 16 45   0.004  S1.9 1033
    1   0.036  155.8775  +19.8656 A   NGC 3227           10 23 30.6  +19 51 56   0.003  S1.5 2456
    1   0.017  180.7900  +44.5314 A   NGC 4051           12 03 09.6  +44 31 53   0.002  S1n   914
    1   0.050  186.4446  +12.6614 A   NGC 4388           12 25 46.7  +12 39 41   0.008  S1h  2100
    1   0.023  189.9142   -5.3442 A   NGC 4593           12 39 39.4  -05 20 39   0.009  S1.0 2141
    1   0.032  213.3117   -3.2072 A   NGC 5506           14 13 14.8  -03 12 26   0.007  S1i  1650
    1   0.027  182.3746  +43.6850 A   NGC 4138           12 09 29.9  +43 41 06   0.003  S1.9 1033
    1   0.035  338.9421  -26.0506 A   NGC 7314           22 35 46.1  -26 03 02   0.005  S1h  1388
    1   0.056  346.2367  +12.3236 A   NGC 7479           23 04 56.8  +12 19 25   0.007  S1.9 1033
    1   0.007  049.9508  +41.5117 A   NGC 1275           03 19 48.2  +41 30 42   0.017  S1.5 1033
    1   0.014  184.2912   +7.1914 A   NGC 4235           12 17 09.9  +07 11 29   0.007  S1.2 1033
    1   0.006  102.5362  +60.8458 A   MARK  620          06 50 08.7  +60 50 45   0.006  S1h  1611
    1   0.009  166.6975  +72.5686 A   NGC 3516           11 06 47.4  +72 34 07   0.009  S1.5 1034
    1   0.017  282.9979  +11.8758 A   PADOVA 1           18 51 59.5  +11 52 33   0.009  S1   1946
    1   0.016  196.6092  -40.4144 A   ESO 323-G77        13 06 26.2  -40 24 52   0.015  S1.2 2583
    1   0.017  205.5346  +35.6542 A   NGC 5273           13 42 08.3  +35 39 15   0.003  S1.9 1718
    1   0.024  190.7187  +13.2569 A   NGC 4639           12 42 52.5  +13 15 25   0.001  S1.0 1033
    1   0.022  345.8150   +8.8739 A   NGC 7469           23 03 15.6  +08 52 26   0.017  S1.5 1627
    1   0.010  093.9013  +71.0375 A   MARK    3          06 15 36.3  +71 02 15   0.014  S1h  1574
    1   0.037  344.7308  +40.9328 A   UGC 12282          22 58 55.4  +40 55 58   0.017  S1.9 1246
    1   0.010  047.1092   +4.1108 A   NGC 1218           03 08 26.2  +04 06 39   0.029  S1   1810
    1   0.013  017.8654  -38.0836 A   NGC  424           01 11 27.7  -38 05 01   0.011  S1h  1611
    1   0.010  088.7233  +46.4392 A   MCG +08.11.011     05 54 53.6  +46 26 21   0.020  S1.5 2471
    1   0.021  030.2771   -6.8156 A   NGC  788           02 01 06.5  -06 48 56   0.013  S1h  1174
    1   0.017  037.0600  +31.3114 A   MARK 1040          02 28 14.4  +31 18 41   0.016  S1.0 1713
    1   0.034  146.9175  -30.9483 A   ESO 434-G40        09 47 40.2  -30 56 54   0.008  S1i   847
    1   0.012  349.7362   +0.2439 A   NGC 7603           23 18 56.7  +00 14 38   0.029  S1.5 1718
    1   0.016  354.6225  +27.0311 A   3C 465.0           23 38 29.4  +27 01 52   0.030  S1    586
    1   0.021  174.9275  +31.9094 A   MARK  744          11 39 42.6  +31 54 34   0.010  S1.8 1718
    1   0.015  214.4983  +25.1369 A   NGC 5548           14 17 59.6  +25 08 13   0.017  S1.5  914
    1   0.015  103.0517  +74.4272 A   MARK    6          06 52 12.4  +74 25 38   0.019  S1.5  740
    1   0.052  175.5471  +10.2778 A   NGC 3822           11 42 11.3  +10 16 40   0.020  S1.9 1610
    1   0.052  098.1979  +63.6731 A   UGC  3478          06 32 47.5  +63 40 23   0.012  S1n   276
    1   0.008  268.9521  +62.6122 A   NGC 6521           17 55 48.5  +62 36 44   0.027  S1.9 1609
    1   0.014  307.1458  +25.7333 A   MCG +04.48.002     20 28 35.0  +25 44 00   0.013  S1   1501
    1   0.017  132.4933  +70.2992 A   NGC 2650           08 49 58.4  +70 17 57   0.015  S1.8 1246
    1   0.012  079.0475   -0.1500 A   AKN  120           05 16 11.4  -00 09 00   0.033  S1.0 2233
    1   0.010  115.6371  +49.8097 A   MARK   79          07 42 32.9  +49 48 35   0.022  S1.2 2574
    1   0.014  089.5087  -38.3347 A   H 0557-385         05 58 02.1  -38 20 05   0.034  S1.2 2583
    1   0.010  184.6104  +29.8131 A   MARK  766          12 18 26.5  +29 48 47   0.013  S1n   914
    1   0.014  193.0517  -13.4147 A   NGC 4748           12 52 12.4  -13 24 53   0.014  S1n  1714
    1   0.006  021.1117  +33.7994 A   NGC  513           01 24 26.8  +33 47 58   0.019  S1h  2316
    1   0.007  351.9862   +8.7789 A   NGC 7674           23 27 56.7  +08 46 44   0.029  S1h  2315
    1   0.008  074.7892   +4.9750 A   UGC  3223          04 59 09.4  +04 58 30   0.018  S1.5 2233
    1   0.019  311.0404  -10.7233 Q   MARK  509          20 44 09.7  -10 43 24   0.035  S1.5 2583
    1   0.016  021.3808  +32.1364 A   MARK  993          01 25 31.4  +32 08 11   0.017  S1.5 2318
    1   0.020  001.5812  +20.2031 A   MARK  335          00 06 19.5  +20 12 11   0.026  S1n   914
    1   0.013  136.1387  -38.4897 A   IRAS 09026-3817    09 04 33.3  -38 29 23   0.016  S1.0 1610
    1   0.021  352.1942   +3.5117 A   NGC 7679           23 28 46.6  +03 30 42   0.016  S1.9 1210
    1   0.006  218.4679   +5.4583 A   NGC 5674           14 33 52.3  +05 27 30   0.025  S1.9 1718
    1   0.010  068.2963   +5.3542 A   3C 120             04 33 11.1  +05 21 15   0.033  S1.5 2273
    1   0.022  072.9233   -3.8094 A   MCG -01.13.025     04 51 41.6  -03 48 34   0.013  S1.2 1810
    1   0.015  208.2646  +69.3083 A   MARK  279          13 53 03.5  +69 18 30   0.031  S1.0  576
    1   0.006  010.7200  -23.5411 A   NGC  235           00 42 52.8  -23 32 28   0.022  S1   1426
    1   0.012  023.3800  +35.6681 A   MARK 1157          01 33 31.2  +35 40 05   0.015  S1h  1611
    1   0.027  336.7746  +36.3614 A   UGC 12040          22 27 05.9  +36 21 41   0.021  S1.9 1246
    1   0.068  223.8242  -51.5714 A   IGR J14552-5133    14 55 17.8  -51 34 17   0.016  S1n  1503
    1   0.129  068.6704  +40.2386 A   IRAS 04312+4008    04 34 40.9  +40 14 19   0.020  S1n  1610
    1   0.020  329.2742  -69.6897 A   PKS 2153-69        21 57 05.8  -69 41 23   0.028  S1   2273
    1   0.013  012.1967  +31.9569 A   MARK  348          00 48 47.2  +31 57 25   0.014  S1h  1574
    1   0.001  352.2662   +3.5333 A   NGC 7682           23 29 03.9  +03 32 00   0.017  S1h  2316
    1   0.014  331.7583  +10.2333 A   NGC 7212           22 07 02.0  +10 14 00   0.026  S1h  2315
    1   0.006  139.6083  +16.3056 A   MARK  704          09 18 26.0  +16 18 20   0.029  S1.2 1311
    1   0.012  219.0921  +58.7944 A   MARK  817          14 36 22.1  +58 47 40   0.033  S1.5 1718
    1   0.014  339.1937  -12.5450 A   MARK  915          22 36 46.5  -12 32 42   0.025  S1.8  548
    1   0.011  025.9908   +2.3497 A   MARK  573          01 43 57.8  +02 20 59   0.017  S1h  1647
    1   0.012  242.9646  -60.6319 A   1WGA J1611.8-6037  16 11 51.5  -60 37 55   0.016  S1.5 2618
    1   0.022  070.9454  +28.9719 A   UGC  3142          04 43 46.9  +28 58 19   0.022  S1.0 1610
    1   0.011  270.0304  +66.6153 A   NGC 6552           18 00 07.3  +66 36 55   0.027  S1h  2316
    1   0.043  008.5575  -21.4389 A   ESO 540-G01        00 34 13.8  -21 26 20   0.027  S1.8 1810
    1   0.013  000.7900  +21.9600 A   MARK  334          00 03 09.6  +21 57 36   0.022  S1.8 1718
    1   0.005  116.8712  +60.9336 A   MARK   10          07 47 29.1  +60 56 01   0.030  S1.0 1703
    1   0.051  129.5462  +24.8958 A   MARK 1218          08 38 11.1  +24 53 45   0.028  S1.8 1713
    1   0.008  021.8854  +19.1789 A   MARK  359          01 27 32.5  +19 10 44   0.017  S1n  1712
    1   0.041  316.6396  -49.2189 A   ESO 235-G59        21 06 33.5  -49 13 08   0.024  S1.8 2587
    1   0.020  028.8421   +6.6117 A   UGC  1395          01 55 22.1  +06 36 42   0.017  S1.9 1718
    1   0.093  010.1996  -79.2408 A   ESO 012-G21        00 40 47.9  -79 14 27   0.033  S1.5 2583
    1   0.033  301.7421  -34.5486 A   ESO 399-IG20       20 06 58.1  -34 32 55   0.025  S1n  1519
    1   0.009  114.2375  +58.7703 A   MARK    9          07 36 57.0  +58 46 13   0.039  S1.5  690
    1   0.003  020.0821  -44.1286 A   ESO 244-G17        01 20 19.7  -44 07 43   0.023  S1.5 1810
    1   0.012  311.5867   -2.8125 A   MARK  896          20 46 20.8  -02 48 45   0.027  S1n  1713
    1   0.025  140.9296  +22.9092 A   MCG +04.22.042     09 23 43.1  +22 54 33   0.033  S1n   805
    1   0.020  082.4817  +44.5775 A   IRAS 05262+4432    05 29 55.6  +44 34 39   0.032  S1n  1610
    1   0.065  178.1579   -5.2072 A   MCG -01.30.041     11 52 37.9  -05 12 26   0.018  S1.8 1610
    1   0.038  016.3208  -58.4369 A   ESO 113-G10        01 05 17.0  -58 26 13   0.026  S1.8 1810
    1   0.017  141.5137  +12.7342 A   MARK  705          09 26 03.3  +12 44 03   0.028  S1.2  268
    1   0.025  338.1283   +8.2075 A   AKN  557           22 32 30.8  +08 12 27   0.025  S1.5   62
    1   0.031  056.9171   +1.0872 A   IRAS 03450+0055    03 47 40.1  +01 05 14   0.031  S1.5  269
    1   0.012  176.3171  +79.6817 A   UGC  6728          11 45 16.1  +79 40 54   0.006  S1.2 2115
    1   0.019  330.1725  +10.5525 A   MARK  520          22 00 41.4  +10 33 09   0.028  S1.9 1608
    1   0.004  247.4512  +67.3783 A   MARK  885          16 29 48.3  +67 22 42   0.025  S1.0 1146
    1   0.011  340.0712   +8.0539 A   UGC 12138          22 40 17.1  +08 03 14   0.025  S1.8 1718
    1   0.021  058.4429  +19.9736 A   IC  355            03 53 46.3  +19 58 25   0.029  S1   2504
    1   0.023  324.6396  +32.0847 A   Zw 493.002         21 38 33.5  +32 05 05   0.025  S1.8 1246
    1   0.002  237.6729   -3.8883 A   NPM1G-03.0553      15 50 41.5  -03 53 18   0.030  S1h  2316
    1   0.209  190.9862  +32.1708 A   SDSS J12439+3210   12 43 56.7  +32 10 15   0.002  S1     15
    1   0.217  079.2183  +53.1908 A   Zw 258.006         05 16 52.4  +53 11 27   0.028  S1.8 1610
    1   0.003  343.6812  +11.7142 A   UGC 12243          22 54 43.5  +11 42 51   0.028  S1   2242
    1   0.003  103.9562  +40.0003 A   UGC  3601          06 55 49.5  +40 00 01   0.018  S1.5  170
    1   0.007  039.6142   +1.9078 A   NGC 1019           02 38 27.4  +01 54 28   0.024  S1.5  545
    1   0.009  346.0112  +22.6242 A   MARK  315          23 04 02.7  +22 37 27   0.040  S1.5 1713
    1   0.016  000.6100   +3.3517 A   MARK  543          00 02 26.4  +03 21 06   0.026  S1.5 1856
    1   0.015  171.7021  +35.2511 A   MARK  423          11 26 48.5  +35 15 04   0.032  S1.8  845
    1   0.008  040.3954   +7.1872 A   MARK  595          02 41 34.9  +07 11 14   0.028  S1.5 2233
    1   0.009  012.8958  +29.4011 A   UGC   524          00 51 35.0  +29 24 04   0.036  S1   1036
    1   0.011  042.3362  +19.3042 A   MARK  372          02 49 20.7  +19 18 15   0.031  S1.5  884
    1   0.014  149.9275  -31.2164 A   WPVS 48            09 59 42.6  -31 12 59   0.037  S1   2584
    1   0.007  186.4537  +33.5467 A   NGC 4395           12 25 48.9  +33 32 48   0.001  S1.8 1033
    1   0.008  265.3671   +3.8142 A   RXS J17414+0348    17 41 28.1  +03 48 51   0.030  S1   1634
    1   0.003  258.9696  +36.4058 A   UGC 10782          17 15 52.7  +36 24 21   0.039  S1   2404
    1   0.013  239.7900  +35.0297 A   MARK  493          15 59 09.6  +35 01 47   0.032  S1n   914
    1   0.105  164.8271  -51.4417 A   ESO 215-G?14       10 59 18.5  -51 26 30   0.019  S1   2409
    1   0.001  226.0050  +10.4378 A   MARK  841          15 04 01.2  +10 26 16   0.036  S1.5 2540
    1   0.024  351.3512  -38.4472 A   IRAS 23226-3843    23 25 24.3  -38 26 50   0.036  S1     33
    1   0.028  102.6287  -19.9903 A   IRAS 06483-1955    06 50 30.9  -19 59 25   0.026  S1.8 1610
    1   0.010  331.0737   +4.6672 A   PKS 2201+04        22 04 17.7  +04 40 02   0.028  S1   2411
    1   0.021  211.6954  +71.8894 A   Zw 336.041         14 06 46.9  +71 53 22   0.034  S1.9 1609
    1   0.019  315.5900  +10.9708 A   Zw 425.034         21 02 21.6  +10 58 15   0.029  S1.5  170
    1   0.010  045.0179  -10.8244 A   MCG -02.08.038     03 00 04.3  -10 49 28   0.033  S1   1428
    1   0.008  171.0362   +6.2147 A   RXS J11241+0612    11 24 08.7  +06 12 53   0.036  S1.8  752
    1   0.012  252.0633  -30.5844 A   IGR J16482-3036    16 48 15.2  -30 35 04   0.031  S1   1500
    1   0.013  313.8429   +2.3547 A   Zw 374.029         20 55 22.3  +02 21 17   0.013  S1n  1246
    1   0.022  276.8112  +19.9389 A   MCG +03.47.002     18 27 14.7  +19 56 20   0.041  S1   1246
    1   0.009  329.0929   +7.3667 A   MARK  516          21 56 22.3  +07 22 00   0.028  S1.8 1704
    1   0.020  260.8471  +36.5028 A   IRAS 17216+3633    17 23 23.3  +36 30 10   0.040  S1    118
    1   0.022  035.0575   +8.2056 A   MARK 1400          02 20 13.8  +08 12 20   0.029  S1.0 1713
    1   0.055  359.3658  -30.4611 A   MCG -05.01.013     23 57 27.8  -30 27 40   0.033  S1n   914
    1   0.017  103.6462  +50.3528 A   MARK  373          06 54 35.1  +50 21 10   0.020  S1    576
    1   0.004  014.9721  +31.8269 A   MARK  352          00 59 53.3  +31 49 37   0.015  S1.0 1703
    1   0.024  239.2637  +63.8411 A   KAZ  49            15 57 03.3  +63 50 28   0.030  S1   1608
    1   0.007  348.4187  +14.0208 A   MARK  316          23 13 40.5  +14 01 15   0.040  S1.5 1610
    1   0.016  359.0083   +7.5231 A   MARK  541          23 56 02.0  +07 31 23   0.040  S1.0 1703
    1   0.067  068.6192  +71.4681 A   RXS J04344+7127    04 34 28.6  +71 28 05   0.025  S1.5  170
    1   0.021  335.9379  +11.8358 A   MCG +02.57.002     22 23 45.1  +11 50 09   0.029  S1.5   62
    1   0.021  075.5375   +3.5308 A   MS 04595+0327      05 02 09.0  +03 31 51   0.016  S1    817
    1   0.012  264.2225  +68.1717 A   AKN  524           17 36 53.4  +68 10 18   0.024  S1.5  548
    1   0.023  247.4700  +24.4442 A   MARK  883          16 29 52.8  +24 26 39   0.038  S1.9 1713
    1   0.008  190.6504  +78.1222 A   NPM1G+78.0048      12 42 36.1  +78 07 20   0.022  S1.9 1610
    1   0.032  242.6692   +2.1106 A   Zw 023.021         16 10 40.6  +02 06 38   0.029  S1.9 1246
    1   0.012  144.8217  +36.5622 A   MCG +06.21.068     09 39 17.2  +36 33 44   0.020  S1.5 1067
    1   0.227  093.1863  +47.5147 A   MCG +08.12.003     06 12 44.7  +47 30 53   0.038  S1.8 1610
    1   0.003  113.4712  +49.2919 A   UGC 3901           07 33 53.1  +49 17 31   0.022  S1.9 1246
    1   0.013  222.6575  +22.7344 A   MARK 1388          14 50 37.8  +22 44 04   0.021  S1.9 1706
    1   0.028  230.3879  +39.2006 A   UGC  9826          15 21 33.1  +39 12 02   0.029  S1.5  576
    1   0.012  045.0333  +16.5039 A   RXS J03000+1630    03 00 08.0  +16 30 14   0.035  S1    752
    1   0.011  286.3583  +42.4611 A   Zw 229.015         19 05 26.0  +42 27 40   0.027  S1   1838
