    1   0.002  148.8883  +69.0653 Q   NGC 3031           09 55 33.2  +69 03 55   0.000  S3b  1035
    1   0.047  189.9971  -11.6231 A   NGC 4594           12 39 59.3  -11 37 23   0.002  S3   2456
    1   0.019  187.7062  +12.3911 A   NGC 4486           12 30 49.5  +12 23 28   0.004  S3    744
    1   0.041  170.0621  +12.9908 A   NGC 3627           11 20 14.9  +12 59 27   0.002  S3   1034
    1   0.129  140.5083  +50.9778 A   NGC 2841           09 22 02.0  +50 58 40   0.002  S3   1031
    1   0.031  041.5792  -30.2744 A   NGC 1097           02 46 19.0  -30 16 28   0.004  S3b  1035
    1   0.036  197.7346  +37.0583 A   NGC 5005           13 10 56.3  +37 03 30   0.003  S3b  1033
    1   0.024  189.4312  +11.8181 A   NGC 4579           12 37 43.5  +11 49 05   0.005  S3b  2456
    1   0.033  190.7083   +2.6878 A   NGC 4636           12 42 50.0  +02 41 16   0.003  S3b  1033
    1   0.039  331.9692  +31.3592 A   NGC 7217           22 07 52.6  +31 21 33   0.004  S3   1031
    1   0.051  114.1000  -69.5300 A   NGC 2442           07 36 24.0  -69 31 48   0.005  S3    127
    1   0.005  183.4512  +14.9006 A   NGC 4192           12 13 48.3  +14 54 02   0.004  S3   1069
    1   0.051  184.9608  +29.6139 A   UGC  7377          12 19 50.6  +29 36 50   0.003  S3   2500
    1   0.009  332.3179  -47.1667 A   NGC 7213           22 09 16.3  -47 10 00   0.006  S3b   743
    1   0.063  133.9117  +78.2236 A   NGC 2655           08 55 38.8  +78 13 25   0.005  S3   1192
    1   0.016  187.1233  +17.0847 A   NGC 4450           12 28 29.6  +17 05 05   0.006  S3b  1035
    1   0.027  185.0287  +29.2808 A   NGC 4278           12 20 06.9  +29 16 51   0.002  S3b  1033
    1   0.005  192.2054  -41.3111 A   NGC 4696           12 48 49.3  -41 18 40   0.010  S3   1356
    1   0.030  139.8287  +69.2033 A   NGC 2787           09 19 18.9  +69 12 12   0.003  S3b  1033
    1   0.022  186.9400  +13.0089 A   NGC 4438           12 27 45.6  +13 00 32   0.004  S3b  1033
    1   0.015  184.8467   +5.8247 A   NGC 4261           12 19 23.2  +05 49 29   0.007  S3h   156
    1   0.008  179.4837  +55.4536 A   NGC 3998           11 57 56.1  +55 27 13   0.004  S3b  1033
    1   0.004  188.1900   +0.1150 A   NGC 4517           12 32 45.6  +00 06 54   0.004  S3   2086
    1   0.008  183.7708  +33.1972 A   NGC 4203           12 15 05.0  +33 11 50   0.004  S3b  2102
    1   0.017  204.1625  -33.9661 A   IC 4296            13 36 39.0  -33 57 58   0.013  S3   1356
    1   0.027  133.3858  +51.3133 A   NGC 2681           08 53 32.6  +51 18 48   0.003  S3b  1033
    1   0.013  180.3617  +61.8958 A   NGC 4036           12 01 26.8  +61 53 45   0.005  S3b  1033
    1   0.008  017.3629  +35.7181 A   NGC  404           01 09 27.1  +35 43 05   0.001  S3   1031
    1   0.007  181.5962  +52.7108 A   NGC 4102           12 06 23.1  +52 42 39   0.003  S3   1186
    1   0.001  263.1012   +7.0603 A   NGC 6384           17 32 24.3  +07 03 37   0.006  S3   2086
    1   0.023  182.4008  +42.5342 A   NGC 4143           12 09 36.2  +42 32 03   0.003  S3b  1033
    1   0.055  085.5225  +69.3783 A   NGC 1961           05 42 05.4  +69 22 42   0.012  S3   1032
    1   0.051  173.1442  +53.0678 A   NGC 3718           11 32 34.6  +53 04 04   0.003  S3b  1033
    1   0.059  014.4546  +30.3531 A   NGC  315           00 57 49.1  +30 21 11   0.016  S3h   156
    1   0.015  192.5304  +72.8747 A   NGC 4750           12 50 07.3  +72 52 29   0.005  S3b  1033
    1   0.024  199.8817  -12.6567 A   NGC 5077           13 19 31.6  -12 39 24   0.008  S3b  1033
    1   0.028  101.9408  +74.4817 A   NGC 2258           06 47 45.8  +74 28 54   0.014  S3   1246
    1   0.059  193.3725   +2.1681 A   NGC 4772           12 53 29.4  +02 10 05   0.003  S3b  1033
    1   0.007  209.0696  +47.2356 A   NGC 5377           13 56 16.7  +47 14 08   0.006  S3   2086
    1   0.023  130.9083  +50.2058 A   NGC 2639           08 43 38.0  +50 12 21   0.011  S3   1033
    1   0.016  045.4267  +35.2058 A   NGC 1167           03 01 42.4  +35 12 21   0.016  S3   1817
    1   0.007  155.8625  +19.8983 A   NGC 3226           10 23 27.0  +19 53 54   0.004  S3b  1033
    1   0.005  188.8775  +12.2208 A   NGC 4550           12 35 30.6  +12 13 15   0.001  S3   1034
    1   0.042  012.4500  +32.2778 A   NGC  266           00 49 48.0  +32 16 40   0.015  S3b  1033
    1   0.033  159.2604  -27.5656 A   NGC 3312           10 37 02.5  -27 33 56   0.007  S3   2410
    1   0.043  217.1329  +27.4086 A   NGC 5635           14 28 31.9  +27 24 31   0.014  S3   2456
    1   0.045  150.4825  +72.1700 A   NGC 3065           10 01 55.8  +72 10 12   0.007  S3b   687
    1   0.045  253.2454   +2.4003 A   NGC 6240           16 52 58.9  +02 24 01   0.024  S3    769
    1   0.021  268.9992  +18.3386 A   NGC 6500           17 55 59.8  +18 20 19   0.010  S3   2409
    1   0.020  260.9204  -65.0100 A   PKS 1718-649       17 23 40.9  -65 00 36   0.014  S3    770
    1   0.051  333.1312  +38.6819 A   UGC 11950          22 12 31.5  +38 40 55   0.020  S3   1246
    1   0.018  032.8221  +37.4969 A   NGC  841           02 11 17.3  +37 29 49   0.015  S3b  1033
    1   0.012  345.5042  +15.9647 A   MARK  313          23 02 01.0  +15 57 53   0.006  S3   1716
    1   0.036  067.0000  -47.9133 A   ESO 202-G23        04 28 00.0  -47 54 48   0.016  S3   2374
    1   0.008  245.7629  +37.9222 A   NGC 6137           16 23 03.1  +37 55 20   0.031  S3   1246
    1   0.015  004.5942  +30.0794 A   NGC   70           00 18 22.6  +30 04 46   0.024  S3   1246
    1   0.005  145.1517   +3.5769 A   MARK 1419          09 40 36.4  +03 34 37   0.015  S3    548
    1   0.037  260.8558  +56.9742 A   NGC 6370           17 23 25.4  +56 58 27   0.028  S3   1246
    1   0.020  152.5362  -38.1333 A   MCG -06.23.004     10 10 08.7  -38 08 00   0.016  S3   1517
    1   0.016  054.6687   +9.9700 A   A 0335+09          03 38 40.5  +09 58 12   0.035  S3   1069
    1   0.088  213.4121   +7.6592 A   NGC 5514           14 13 38.9  +07 39 33   0.024  S3   1365
    2   0.159  204.5742  +48.2778 A   MARK  266NE        13 38 17.8  +48 16 40   0.028  S3   1338
    1   0.016  159.2504  +18.1356 A   NGC 3303A          10 37 00.1  +18 08 08   0.020  S3   1190
    1   0.019  073.8488  -20.5714 A   NGC 1692           04 55 23.7  -20 34 17   0.035  S3   1356
    1   0.008  256.2733  +43.0431 A   UGC 10695SE        17 05 05.6  +43 02 35   0.028  S3    560
    1   0.002  051.9758   +2.5617 A   3C  88.0           03 27 54.2  +02 33 42   0.030  S3   1356
    1   0.013  177.1912  +29.6414 A   MCG +05.28.032     11 48 45.9  +29 38 29   0.022  S3   2500
    1   0.056  349.8554   +5.9058 A   IC 1481            23 19 25.3  +05 54 21   0.020  S3    193
    1   0.009  259.8104  +48.9806 A   Arp 102B           17 19 14.5  +48 58 50   0.025  S3b  1035
    1   0.014  340.6637  +29.7256 A   AKN  564           22 42 39.3  +29 43 32   0.025  S3   1829
    1   0.011  165.7958  +41.7050 A   MCG +07.23.15      11 03 11.0  +41 42 18   0.031  S3   1246
    1   0.013  073.2454   +1.3311 A   UGC 3194           04 52 58.9  +01 19 52   0.028  S3   1246
    1   0.031  244.1554  +68.2031 A   KAZ  69            16 16 37.3  +68 12 11   0.004  S3   1183
    1   0.077  205.2833  +23.2808 A   IC  910            13 41 08.0  +23 16 51   0.027  S3   1338
    1   0.004  206.2013  -36.0744 A   ESO 383-G69        13 44 48.3  -36 04 28   0.038  S3   1517
    1   0.027  255.8158  +31.4583 A   MARK  700          17 03 15.8  +31 27 30   0.034  S3    548
