    1   0.042  010.6846  +41.2694 Q   M 31               00 42 44.3  +41 16 10   0.000  S2   1936
    1   0.047  011.8883  -25.2881 A   NGC  253           00 47 33.2  -25 17 17   0.001  S    1188
    1   0.002  148.8883  +69.0653 Q   NGC 3031           09 55 33.2  +69 03 55   0.000  S3b  1035
    1   0.130  201.3667  -43.0167 B   NGC 5128           13 25 28.0  -43 01 00   0.001  ?    1623
    1   0.057  196.3650  -49.4675 A   NGC 4945           13 05 27.6  -49 28 03   0.002  S    1364
    1   0.047  189.9971  -11.6231 A   NGC 4594           12 39 59.3  -11 37 23   0.002  S3   2456
    1   0.094  192.7196  +41.1194 A   NGC 4736           12 50 52.7  +41 07 10   0.001  S    1032
    1   0.062  194.1829  +21.6833 A   NGC 4826           12 56 43.9  +21 41 00   0.001  S     744
    1   0.009  187.4450   +8.0006 A   NGC 4472           12 29 46.8  +08 00 02   0.003  S2   1034
    1   0.060  202.4683  +47.1947 A   NGC 5194           13 29 52.4  +47 11 41   0.001  S2   1034
    1   0.023  184.7396  +47.3039 A   NGC 4258           12 18 57.5  +47 18 14   0.002  S2    157
    1   0.023  040.6696   -0.0131 A   NGC 1068           02 42 40.7  -00 00 47   0.003  S1h    58
    1   0.019  187.7062  +12.3911 A   NGC 4486           12 30 49.5  +12 23 28   0.004  S3    744
    1   0.041  170.0621  +12.9908 A   NGC 3627           11 20 14.9  +12 59 27   0.002  S3   1034
    1   0.076  189.0858  +25.9864 A   NGC 4565           12 36 20.6  +25 59 11   0.004  S1.9 1033
    1   0.129  140.5083  +50.9778 A   NGC 2841           09 22 02.0  +50 58 40   0.002  S3   1031
    1   0.049  145.6387   -3.6983 A   NGC 2974           09 42 33.3  -03 41 54   0.006  S2   1428
    1   0.022  187.9971  +14.4203 A   NGC 4501           12 31 59.3  +14 25 13   0.007  S2   2410
    1   0.020  186.2654  +12.8869 A   NGC 4374           12 25 03.7  +12 53 13   0.003  S2    280
    1   0.054  192.6108  +25.5017 A   NGC 4725           12 50 26.6  +25 30 06   0.004  S2   1034
    1   0.031  041.5792  -30.2744 A   NGC 1097           02 46 19.0  -30 16 28   0.004  S3b  1035
    1   0.036  197.7346  +37.0583 A   NGC 5005           13 10 56.3  +37 03 30   0.003  S3b  1033
    1   0.024  189.4312  +11.8181 A   NGC 4579           12 37 43.5  +11 49 05   0.005  S3b  2456
    1   0.033  190.7083   +2.6878 A   NGC 4636           12 42 50.0  +02 41 16   0.003  S3b  1033
    1   0.064  189.2079  +13.1639 A   NGC 4569           12 36 49.9  +13 09 50   0.004  S     744
    1   0.035  188.9167  +12.5564 A   NGC 4552           12 35 40.0  +12 33 23   0.001  S2    383
    1   0.095  009.7392  +48.3372 Q   NGC  185           00 38 57.4  +48 20 14   0.000  S2   1034
    1   0.039  331.9692  +31.3592 A   NGC 7217           22 07 52.6  +31 21 33   0.004  S3   1031
    1   0.009  226.6229  +55.7633 A   NGC 5866           15 06 29.5  +55 45 48   0.002  S    1034
    1   0.153  259.2467  -62.8181 A   NGC 6300           17 16 59.2  -62 49 05   0.003  S2   1805
    1   0.013  185.4787   +4.4736 A   NGC 4303           12 21 54.9  +04 28 25   0.005  S2   1208
    1   0.051  114.1000  -69.5300 A   NGC 2442           07 36 24.0  -69 31 48   0.005  S3    127
    1   0.005  183.4512  +14.9006 A   NGC 4192           12 13 48.3  +14 54 02   0.004  S3   1069
    1   0.043  065.0029  -54.9381 A   NGC 1566           04 20 00.7  -54 56 17   0.004  S1.5 2583
    1   0.054  169.2283  +18.0511 A   NGC 3607           11 16 54.8  +18 03 04   0.003  S2    789
    1   0.051  184.9608  +29.6139 A   UGC  7377          12 19 50.6  +29 36 50   0.003  S3   2500
    1   0.009  332.3179  -47.1667 A   NGC 7213           22 09 16.3  -47 10 00   0.006  S3b   743
    1   0.063  133.9117  +78.2236 A   NGC 2655           08 55 38.8  +78 13 25   0.005  S3   1192
    1   0.016  198.3646  +36.5939 A   NGC 5033           13 13 27.5  +36 35 38   0.003  S1.8 1545
    1   0.001  137.9062  +60.0372 A   NGC 2768           09 11 37.5  +60 02 14   0.005  S     744
    1   0.087  253.1904  -59.2164 A   NGC 6221           16 52 45.7  -59 12 59   0.004  S2   2407
    1   0.012  023.5758  -29.4183 A   NGC  613           01 34 18.2  -29 25 06   0.005  S?   2410
    1   0.016  187.1233  +17.0847 A   NGC 4450           12 28 29.6  +17 05 05   0.006  S3b  1035
    1   0.045  071.4258  -59.2475 A   NGC 1672           04 45 42.2  -59 14 51   0.004  S    2410
    1   0.031  309.3100  +66.1056 A   NGC 6951           20 37 14.4  +66 06 20   0.006  S2   2086
    1   0.027  185.0287  +29.2808 A   NGC 4278           12 20 06.9  +29 16 51   0.002  S3b  1033
    1   0.005  192.2054  -41.3111 A   NGC 4696           12 48 49.3  -41 18 40   0.010  S3   1356
    1   0.030  139.8287  +69.2033 A   NGC 2787           09 19 18.9  +69 12 12   0.003  S3b  1033
    1   0.015  207.3137  +60.1906 A   NGC 5322           13 49 15.3  +60 11 26   0.006  S     368
    1   0.088  150.4938  +55.6806 A   NGC 3079           10 01 58.5  +55 40 50   0.004  S2   1034
    1   0.017  187.5092  +13.6364 A   NGC 4477           12 30 02.2  +13 38 11   0.005  S2   1034
    1   0.076  153.5617   +3.4664 A   NGC 3169           10 14 14.8  +03 27 59   0.003  S     744
    1   0.022  186.9400  +13.0089 A   NGC 4438           12 27 45.6  +13 00 32   0.004  S3b  1033
    1   0.009  178.2308  +36.9864 A   NGC 3941           11 52 55.4  +36 59 11   0.003  S2   1034
    1   0.015  184.8467   +5.8247 A   NGC 4261           12 19 23.2  +05 49 29   0.007  S3h   156
    1   0.022  349.5979  -42.3706 A   NGC 7582           23 18 23.5  -42 22 14   0.005  S1i  1887
    1   0.008  179.4837  +55.4536 A   NGC 3998           11 57 56.1  +55 27 13   0.004  S3b  1033
    1   0.006  045.3092  +44.8972 A   NGC 1161           03 01 14.2  +44 53 50   0.007  S1.9 1033
    1   0.004  188.1900   +0.1150 A   NGC 4517           12 32 45.6  +00 06 54   0.004  S3   2086
    1   0.034  154.2217  +73.4006 A   NGC 3147           10 16 53.2  +73 24 02   0.010  S2    214
    1   0.031  182.6354  +39.4058 A   NGC 4151           12 10 32.5  +39 24 21   0.003  S1.5 1718
    1   0.008  183.7708  +33.1972 A   NGC 4203           12 15 05.0  +33 11 50   0.004  S3b  2102
    1   0.033  147.5921  +72.2792 A   NGC 2985           09 50 22.1  +72 16 45   0.004  S1.9 1033
    1   0.017  204.1625  -33.9661 A   IC 4296            13 36 39.0  -33 57 58   0.013  S3   1356
    1   0.027  133.3858  +51.3133 A   NGC 2681           08 53 32.6  +51 18 48   0.003  S3b  1033
    1   0.013  180.3617  +61.8958 A   NGC 4036           12 01 26.8  +61 53 45   0.005  S3b  1033
    1   0.008  017.3629  +35.7181 A   NGC  404           01 09 27.1  +35 43 05   0.001  S3   1031
    1   0.004  208.3612  +40.2831 A   NGC 5353           13 53 26.7  +40 16 59   0.008  S?    368
    1   0.007  192.0954   +8.4872 A   NGC 4698           12 48 22.9  +08 29 14   0.003  S2   1034
    1   0.041  027.2387   +5.9067 A   NGC  676           01 48 57.3  +05 54 24   0.005  S2   1034
    1   0.007  181.5962  +52.7108 A   NGC 4102           12 06 23.1  +52 42 39   0.003  S3   1186
    1   0.001  263.1012   +7.0603 A   NGC 6384           17 32 24.3  +07 03 37   0.006  S3   2086
    1   0.036  155.8775  +19.8656 A   NGC 3227           10 23 30.6  +19 51 56   0.003  S1.5 2456
    1   0.017  180.7900  +44.5314 A   NGC 4051           12 03 09.6  +44 31 53   0.002  S1n   914
    1   0.023  182.4008  +42.5342 A   NGC 4143           12 09 36.2  +42 32 03   0.003  S3b  1033
    1   0.055  085.5225  +69.3783 A   NGC 1961           05 42 05.4  +69 22 42   0.012  S3   1032
    1   0.051  173.1442  +53.0678 A   NGC 3718           11 32 34.6  +53 04 04   0.003  S3b  1033
    1   0.018  105.6683  -28.6969 A   NGC 2325           07 02 40.4  -28 41 49   0.007  S?    988
    1   0.059  014.4546  +30.3531 A   NGC  315           00 57 49.1  +30 21 11   0.016  S3h   156
    1   0.022  091.4250  -86.6317 A   ESO 005-G04        06 05 42.0  -86 37 54   0.006  S2   1311
    1   0.050  186.4446  +12.6614 A   NGC 4388           12 25 46.7  +12 39 41   0.008  S1h  2100
    1   0.015  192.5304  +72.8747 A   NGC 4750           12 50 07.3  +72 52 29   0.005  S3b  1033
    1   0.023  189.9142   -5.3442 A   NGC 4593           12 39 39.4  -05 20 39   0.009  S1.0 2141
    1   0.032  213.3117   -3.2072 A   NGC 5506           14 13 14.8  -03 12 26   0.007  S1i  1650
    1   0.119  248.8092  -58.0781 A   ESO 137-G34        16 35 14.2  -58 04 41   0.009  S2    706
    1   0.027  182.3746  +43.6850 A   NGC 4138           12 09 29.9  +43 41 06   0.003  S1.9 1033
    1   0.024  199.8817  -12.6567 A   NGC 5077           13 19 31.6  -12 39 24   0.008  S3b  1033
    1   0.028  101.9408  +74.4817 A   NGC 2258           06 47 45.8  +74 28 54   0.014  S3   1246
    1   0.035  338.9421  -26.0506 A   NGC 7314           22 35 46.1  -26 03 02   0.005  S1h  1388
    1   0.056  346.2367  +12.3236 A   NGC 7479           23 04 56.8  +12 19 25   0.007  S1.9 1033
    1   0.015  165.0996  +28.9750 A   NGC 3486           11 00 23.9  +28 58 30   0.002  S2   1034
    1   0.077  234.9033  +59.3308 A   NGC 5985           15 39 36.8  +59 19 51   0.008  S    1935
    1   0.017  165.7967  +27.9728 A   NGC 3504           11 03 11.2  +27 58 22   0.005  H2   1188
    1   0.007  049.9508  +41.5117 A   NGC 1275           03 19 48.2  +41 30 42   0.017  S1.5 1033
    1   0.006  030.0621  +31.4294 A   NGC  777           02 00 14.9  +31 25 46   0.017  S2   1034
    1   0.059  193.3725   +2.1681 A   NGC 4772           12 53 29.4  +02 10 05   0.003  S3b  1033
    1   0.007  209.0696  +47.2356 A   NGC 5377           13 56 16.7  +47 14 08   0.006  S3   2086
    1   0.020  133.8942  +58.7344 A   NGC 2685           08 55 34.6  +58 44 04   0.003  S2   1034
    1   0.012  204.9833  -31.6400 A   NGC 5253           13 39 56.0  -31 38 24   0.001  H2   2402
    1   0.023  130.9083  +50.2058 A   NGC 2639           08 43 38.0  +50 12 21   0.011  S3   1033
    1   0.014  184.2912   +7.1914 A   NGC 4235           12 17 09.9  +07 11 29   0.007  S1.2 1033
    1   0.024  173.9896  +70.5353 A   NGC 3735           11 35 57.5  +70 32 07   0.009  S2   1032
    1   0.065  356.0892   +9.9342 A   NGC 7743           23 44 21.4  +09 56 03   0.007  S2   2410
    1   0.014  216.6383  +56.5828 A   NGC 5631           14 26 33.2  +56 34 58   0.007  S2   1034
    1   0.051  172.1317  +58.5622 A   MARK  171          11 28 31.6  +58 33 44   0.010  H2    779
    1   0.006  102.5362  +60.8458 A   MARK  620          06 50 08.7  +60 50 45   0.006  S1h  1611
    1   0.131  193.3617  -48.7508 A   NGC 4785           12 53 26.8  -48 45 03   0.012  S2    705
    1   0.048  186.3246   +4.9250 A   NGC 4378           12 25 17.9  +04 55 30   0.009  S2   1034
    1   0.009  166.6975  +72.5686 A   NGC 3516           11 06 47.4  +72 34 07   0.009  S1.5 1034
    1   0.014  177.2100  +59.4158 A   NGC 3894           11 48 50.4  +59 24 57   0.011  S     368
    1   0.013  228.7637  +42.0497 A   NGC 5899           15 15 03.3  +42 02 59   0.008       2182
    1   0.016  045.4267  +35.2058 A   NGC 1167           03 01 42.4  +35 12 21   0.016  S3   1817
    1   0.007  155.8625  +19.8983 A   NGC 3226           10 23 27.0  +19 53 54   0.004  S3b  1033
    1   0.005  188.8775  +12.2208 A   NGC 4550           12 35 30.6  +12 13 15   0.001  S3   1034
    1   0.042  012.4500  +32.2778 A   NGC  266           00 49 48.0  +32 16 40   0.015  S3b  1033
    1   0.048  197.3946  -51.9678 A   IC 4200            13 09 34.7  -51 58 04   0.013       2584
    1   0.017  282.9979  +11.8758 A   PADOVA 1           18 51 59.5  +11 52 33   0.009  S1   1946
    1   0.033  159.2604  -27.5656 A   NGC 3312           10 37 02.5  -27 33 56   0.007  S3   2410
    1   0.017  109.1300  -29.3244 A   ESO 428-G14        07 16 31.2  -29 19 28   0.005  S2    205
    1   0.039  248.1608  +78.1978 A   NGC 6217           16 32 38.6  +78 11 52   0.005  H2    109
    1   0.003  038.5837  +32.5056 A   NGC  973           02 34 20.1  +32 30 20   0.016  S2    356
    1   0.041  178.9892   +6.7489 A   NGC 3976           11 55 57.4  +06 44 56   0.008  S2   1034
    1   0.016  196.6092  -40.4144 A   ESO 323-G77        13 06 26.2  -40 24 52   0.015  S1.2 2583
    1   0.029  060.7012   +1.9653 A   UGC  2936          04 02 48.3  +01 57 55   0.013  S2   2176
    1   0.017  205.5346  +35.6542 A   NGC 5273           13 42 08.3  +35 39 15   0.003  S1.9 1718
    1   0.024  190.7187  +13.2569 A   NGC 4639           12 42 52.5  +13 15 25   0.001  S1.0 1033
    1   0.237  036.4621  +18.4961 A   NGC  918           02 25 50.9  +18 29 46   0.005       1739
    1   0.032  236.5687   +2.4156 A   NGC 5990           15 46 16.5  +02 24 56   0.013  S2   1210
    1   0.022  345.8150   +8.8739 A   NGC 7469           23 03 15.6  +08 52 26   0.017  S1.5 1627
    1   0.010  093.9013  +71.0375 A   MARK    3          06 15 36.3  +71 02 15   0.014  S1h  1574
    1   0.054  138.5221  +40.1131 A   NGC 2782           09 14 05.3  +40 06 47   0.008  S2   1208
    1   0.038  040.8746  +37.3408 A   NGC 1058           02 43 29.9  +37 20 27   0.002  S2   1034
    1   0.037  344.7308  +40.9328 A   UGC 12282          22 58 55.4  +40 55 58   0.017  S1.9 1246
    1   0.043  217.1329  +27.4086 A   NGC 5635           14 28 31.9  +27 24 31   0.014  S3   2456
    1   0.045  150.4825  +72.1700 A   NGC 3065           10 01 55.8  +72 10 12   0.007  S3b   687
    1   0.006  192.0629  +10.9836 A   NGC 4694           12 48 15.1  +10 59 01   0.004  H2   1971
    1   0.014  157.3329  +29.4917 A   NGC 3254           10 29 19.9  +29 29 30   0.005  S2   1034
    1   0.010  047.1092   +4.1108 A   NGC 1218           03 08 26.2  +04 06 39   0.029  S1   1810
    1   0.012  248.1337  +82.5381 A   NGC 6251           16 32 32.1  +82 32 17   0.024  S2   2109
    1   0.013  183.2625   +7.0389 A   NGC 4180           12 13 03.0  +07 02 20   0.007  S2   1504
    1   0.045  253.2454   +2.4003 A   NGC 6240           16 52 58.9  +02 24 01   0.024  S3    769
    1   0.023  183.0787  +29.1794 A   NGC 4169           12 12 18.9  +29 10 46   0.013  S2   1034
    1   0.018  162.0975  -25.1622 A   NGC 3393           10 48 23.4  -25 09 44   0.012  S2   2409
    1   0.018  071.6237  +18.4611 A   UGC  3157          04 46 29.7  +18 27 40   0.016  S2    505
    1   0.013  017.8654  -38.0836 A   NGC  424           01 11 27.7  -38 05 01   0.011  S1h  1611
    1   0.010  088.7233  +46.4392 A   MCG +08.11.011     05 54 53.6  +46 26 21   0.020  S1.5 2471
    1   0.021  030.2771   -6.8156 A   NGC  788           02 01 06.5  -06 48 56   0.013  S1h  1174
    1   0.022  233.6346  +15.1939 A   NGC 5953           15 34 32.3  +15 11 38   0.007  S2   1857
    1   0.021  268.9992  +18.3386 A   NGC 6500           17 55 59.8  +18 20 19   0.010  S3   2409
    1   0.026  308.7796  +64.8025 A   NGC 6949           20 35 07.1  +64 48 09   0.009  H2   1610
    1   0.010  071.0375  +28.2167 A   LEDA  86269        04 44 09.0  +28 13 00   0.011  S2   1311
    1   0.020  260.9204  -65.0100 A   PKS 1718-649       17 23 40.9  -65 00 36   0.014  S3    770
    1   0.007  247.1596  +39.5514 Q   NGC 6166           16 28 38.3  +39 33 05   0.030  S     365
    1   0.051  333.1312  +38.6819 A   UGC 11950          22 12 31.5  +38 40 55   0.020  S3   1246
    1   0.025  352.1158  +22.4214 A   NGC 7678           23 28 27.8  +22 25 17   0.012  H2    838
    1   0.088  023.7713  -41.4364 A   NGC  625           01 35 05.1  -41 26 11   0.001  H2   1971
    1   0.017  037.0600  +31.3114 A   MARK 1040          02 28 14.4  +31 18 41   0.016  S1.0 1713
    1   0.034  146.9175  -30.9483 A   ESO 434-G40        09 47 40.2  -30 56 54   0.008  S1i   847
    1   0.048  138.3771  -60.7892 A   F  280             09 13 30.5  -60 47 21   0.010  H2   2409
    1   0.012  349.7362   +0.2439 A   NGC 7603           23 18 56.7  +00 14 38   0.029  S1.5 1718
    1   0.018  086.4492  +58.7008 A   UGC  3351          05 45 47.8  +58 42 03   0.015  S2    116
    1   0.016  354.6225  +27.0311 A   3C 465.0           23 38 29.4  +27 01 52   0.030  S1    586
    1   0.021  174.9275  +31.9094 A   MARK  744          11 39 42.6  +31 54 34   0.010  S1.8 1718
    1   0.018  032.8221  +37.4969 A   NGC  841           02 11 17.3  +37 29 49   0.015  S3b  1033
    1   0.006  194.4371  -29.7664 A   ESO 443-G17        12 57 44.9  -29 45 59   0.010  H2   2381
    1   0.015  214.4983  +25.1369 A   NGC 5548           14 17 59.6  +25 08 13   0.017  S1.5  914
    1   0.011  190.6054   -6.9711 A   NGC 4628           12 42 25.3  -06 58 16   0.010  S2    505
    1   0.030  116.0379  +29.2469 A   UGC  3995          07 44 09.1  +29 14 49   0.015  S2   1495
    1   0.065  143.6825  -21.9283 A   ESO 565-G19        09 34 43.8  -21 55 42   0.015  S2   1210
    1   0.012  345.5042  +15.9647 A   MARK  313          23 02 01.0  +15 57 53   0.006  S3   1716
    1   0.015  103.0517  +74.4272 A   MARK    6          06 52 12.4  +74 25 38   0.019  S1.5  740
    1   0.007  287.0683  +50.9331 A   NGC 6764           19 08 16.4  +50 55 59   0.008  H2    109
    1   0.052  175.5471  +10.2778 A   NGC 3822           11 42 11.3  +10 16 40   0.020  S1.9 1610
    1   0.056  228.8467  +55.5181 A   NGC 5905           15 15 23.2  +55 31 05   0.011  H2   1248
    1   0.036  067.0000  -47.9133 A   ESO 202-G23        04 28 00.0  -47 54 48   0.016  S3   2374
    1   0.052  098.1979  +63.6731 A   UGC  3478          06 32 47.5  +63 40 23   0.012  S1n   276
    1   0.008  245.7629  +37.9222 A   NGC 6137           16 23 03.1  +37 55 20   0.031  S3   1246
    1   0.015  113.7596  +32.8219 A   SDSS J07350+3249   07 35 02.3  +32 49 19   0.015  S2    951
    1   0.005  349.5679   +6.5858 A   NGC 7591           23 18 16.3  +06 35 09   0.017  S    2426
    1   0.012  253.4675  +39.7600 B   MARK  501          16 53 52.2  +39 45 36   0.033  HP   2228
    1   0.009  224.0350  -37.6478 A   ESO 386-G034       14 56 08.4  -37 38 52   0.024  S2   1507
    1   0.008  268.9521  +62.6122 A   NGC 6521           17 55 48.5  +62 36 44   0.027  S1.9 1609
    1   0.118  252.8354  -59.2364 A   ESO 138-G01        16 51 20.5  -59 14 11   0.009  S2     41
    1   0.012  043.9675   +9.3117 A   IC 1867            02 55 52.2  +09 18 42   0.026  S2   1810
    1   0.014  307.1458  +25.7333 A   MCG +04.48.002     20 28 35.0  +25 44 00   0.013  S1   1501
    1   0.017  148.0337  +29.2361 A   NGC 3032           09 52 08.1  +29 14 10   0.005  H2   2409
    1   0.049  040.6487  +34.7628 A   NGC 1050           02 42 35.7  +34 45 46   0.013  S2    505
    1   0.005  044.9942  +36.8206 A   MARK 1066          02 59 58.6  +36 49 14   0.012  S2   1713
    1   0.017  132.4933  +70.2992 A   NGC 2650           08 49 58.4  +70 17 57   0.015  S1.8 1246
    1   0.021  250.3658  +57.7836 A   NGC 6211           16 41 27.8  +57 47 01   0.020  S2   1182
    1   0.004  354.0587   +2.1550 A   NGC 7714           23 36 14.1  +02 09 18   0.009  H2   2298
    1   0.005  019.0150   +4.2942 A   MARK  565          01 16 03.6  +04 17 39   0.021  S?   1401
    1   0.016  111.6100  -35.9058 A   IRAS 07245-3548    07 26 26.4  -35 54 21   0.029  S2    184
    1   0.053  186.6496   +3.9650 A   NGC 4412           12 26 35.9  +03 57 54   0.008  S2   1210
    1   0.012  079.0475   -0.1500 A   AKN  120           05 16 11.4  -00 09 00   0.033  S1.0 2233
    1   0.010  115.6371  +49.8097 A   MARK   79          07 42 32.9  +49 48 35   0.022  S1.2 2574
    1   0.015  229.1854   +7.0214 A   3C 317.0           15 16 44.5  +07 01 17   0.034  S2    365
    1   0.066  264.4146  -59.9414 A   ESO 139-G12        17 37 39.5  -59 56 29   0.017  S2    706
    1   0.014  089.5087  -38.3347 A   H 0557-385         05 58 02.1  -38 20 05   0.034  S1.2 2583
    1   0.019  337.8362  +39.3583 A   3C 449.0           22 31 20.7  +39 21 30   0.017  S     365
    1   0.010  184.6104  +29.8131 A   MARK  766          12 18 26.5  +29 48 47   0.013  S1n   914
    1   0.014  193.0517  -13.4147 A   NGC 4748           12 52 12.4  -13 24 53   0.014  S1n  1714
    1   0.015  004.5942  +30.0794 A   NGC   70           00 18 22.6  +30 04 46   0.024  S3   1246
    1   0.005  145.1517   +3.5769 A   MARK 1419          09 40 36.4  +03 34 37   0.015  S3    548
    1   0.006  021.1117  +33.7994 A   NGC  513           01 24 26.8  +33 47 58   0.019  S1h  2316
    1   0.026  233.7387  +23.5033 A   IC 4553            15 34 57.3  +23 30 12   0.018  S    1213
    1   0.007  238.3971  -61.6828 A   ESO 136-G006       15 53 35.3  -61 40 58   0.015  S2   1507
    1   0.007  351.9862   +8.7789 A   NGC 7674           23 27 56.7  +08 46 44   0.029  S1h  2315
    1   0.010  195.3521  +29.3086 A   NGC 4922B          13 01 24.5  +29 18 31   0.024  S2   1069
    1   0.015  311.8921   +0.4114 A   UGC 11630          20 47 34.1  +00 24 41   0.012  S2    576
    1   0.009  186.4283   +0.5725 A   MARK   52          12 25 42.8  +00 34 21   0.007  H2   2490
    1   0.008  074.7892   +4.9750 A   UGC  3223          04 59 09.4  +04 58 30   0.018  S1.5 2233
    1   0.037  260.8558  +56.9742 A   NGC 6370           17 23 25.4  +56 58 27   0.028  S3   1246
    1   0.017  180.6987  -53.8353 A   IGR J12026-5349    12 02 47.7  -53 50 07   0.028  S2   1503
    1   0.020  152.5362  -38.1333 A   MCG -06.23.004     10 10 08.7  -38 08 00   0.016  S3   1517
    1   0.019  027.3742  +12.5089 A   MARK  577          01 49 29.8  +12 30 32   0.017       1713
    1   0.019  311.0404  -10.7233 Q   MARK  509          20 44 09.7  -10 43 24   0.035  S1.5 2583
    1   0.016  054.6687   +9.9700 A   A 0335+09          03 38 40.5  +09 58 12   0.035  S3   1069
    1   0.021  004.5979  +30.0631 A   NGC   71           00 18 23.5  +30 03 47   0.022  S2   1246
    1   0.016  021.3808  +32.1364 A   MARK  993          01 25 31.4  +32 08 11   0.017  S1.5 2318
    1   0.020  001.5812  +20.2031 A   MARK  335          00 06 19.5  +20 12 11   0.026  S1n   914
    1   0.011  077.0821  +17.3631 A   Zw 468.002         05 08 19.7  +17 21 47   0.017  S2   1634
    1   0.013  136.1387  -38.4897 A   IRAS 09026-3817    09 04 33.3  -38 29 23   0.016  S1.0 1610
    1   0.088  213.4121   +7.6592 A   NGC 5514           14 13 38.9  +07 39 33   0.024  S3   1365
    1   0.013  198.7762  -55.1561 A   IRAS 13120-5453    13 15 06.3  -55 09 22   0.031  S2    450
    1   0.021  352.1942   +3.5117 A   NGC 7679           23 28 46.6  +03 30 42   0.016  S1.9 1210
    1   0.023  166.1133  +38.2089 B   MARK  421          11 04 27.2  +38 12 32   0.031  HP    851
    1   0.017  264.2025  +72.0889 A   NGC 6434           17 36 48.6  +72 05 20   0.008  H2   1610
    1   0.006  218.4679   +5.4583 A   NGC 5674           14 33 52.3  +05 27 30   0.025  S1.9 1718
    1   0.024  266.2354  +55.7044 A   NGC 6454           17 44 56.5  +55 42 16   0.031  S?    368
    1   0.065  146.9308  -32.8364 A   ESO 373-G29        09 47 43.4  -32 50 11   0.009  S2   1834
    1   0.007  205.2742  +67.6722 A   MARK  270          13 41 05.8  +67 40 20   0.009  S2   1718
    1   0.010  068.2963   +5.3542 A   3C 120             04 33 11.1  +05 21 15   0.033  S1.5 2273
    1   0.011  073.9950  -75.5411 A   ESO 033-G02        04 55 58.8  -75 32 28   0.019  S2   1222
    1   0.022  072.9233   -3.8094 A   MCG -01.13.025     04 51 41.6  -03 48 34   0.013  S1.2 1810
    1   0.015  208.2646  +69.3083 A   MARK  279          13 53 03.5  +69 18 30   0.031  S1.0  576
    1   0.007  048.7558  +42.0358 A   MARK 1073          03 15 01.4  +42 02 09   0.023  S2     19
    1   0.013  108.5162  +35.2794 A   UGC  3752          07 14 03.9  +35 16 46   0.016  S2    505
    1   0.032  204.5721  +48.2761 A   MARK  266SW        13 38 17.3  +48 16 34   0.028  S2    840
    2   0.159  204.5742  +48.2778 A   MARK  266NE        13 38 17.8  +48 16 40   0.028  S3   1338
    1   0.006  010.7200  -23.5411 A   NGC  235           00 42 52.8  -23 32 28   0.022  S1   1426
    1   0.012  023.3800  +35.6681 A   MARK 1157          01 33 31.2  +35 40 05   0.015  S1h  1611
    1   0.022  139.7596  +26.2697 A   NGC 2824           09 19 02.3  +26 16 11   0.008  S?   2528
    1   0.013  318.5525   +2.1778 A   IC 1368            21 14 12.6  +02 10 40   0.013  S2   1210
    1   0.027  336.7746  +36.3614 A   UGC 12040          22 27 05.9  +36 21 41   0.021  S1.9 1246
    1   0.016  159.2504  +18.1356 A   NGC 3303A          10 37 00.1  +18 08 08   0.020  S3   1190
    1   0.161  017.1983  -15.8425 A   IC   78            01 08 47.6  -15 50 33   0.040  S2   1428
    1   0.035  030.0800  +24.4739 A   UGC  1479          02 00 19.2  +24 28 26   0.018  S2    792
    1   0.032  034.3454  +38.4139 A   AKN   79           02 17 22.9  +38 24 50   0.020  S2    548
    1   0.068  223.8242  -51.5714 A   IGR J14552-5133    14 55 17.8  -51 34 17   0.016  S1n  1503
    1   0.028  218.4312  -14.6197 A   NGC 5664           14 33 43.5  -14 37 11   0.015  S2   1210
    1   0.019  073.8488  -20.5714 A   NGC 1692           04 55 23.7  -20 34 17   0.035  S3   1356
    1   0.024  077.4592   +7.4831 A   UGC  3255          05 09 50.2  +07 28 59   0.019  S2   1069
    1   0.129  068.6704  +40.2386 A   IRAS 04312+4008    04 34 40.9  +40 14 19   0.020  S1n  1610
    1   0.020  329.2742  -69.6897 A   PKS 2153-69        21 57 05.8  -69 41 23   0.028  S1   2273
    1   0.013  012.1967  +31.9569 A   MARK  348          00 48 47.2  +31 57 25   0.014  S1h  1574
    1   0.001  352.2662   +3.5333 A   NGC 7682           23 29 03.9  +03 32 00   0.017  S1h  2316
    1   0.011  287.7250  +73.4100 A   NGC 6786           19 10 54.0  +73 24 36   0.025  S2   2635
    1   0.014  331.7583  +10.2333 A   NGC 7212           22 07 02.0  +10 14 00   0.026  S1h  2315
    1   0.152  013.7608  -19.0047 A   ESO 541-G001       00 55 02.6  -19 00 17   0.021  S2   1428
    1   0.059  194.1696  -46.9253 A   ESO 269-G12        12 56 40.7  -46 55 31   0.016        704
    1   0.037  281.9333  -63.1564 A   ESO 104-G11        18 47 44.0  -63 09 23   0.015  S2   2535
    1   0.008  256.2733  +43.0431 A   UGC 10695SE        17 05 05.6  +43 02 35   0.028  S3    560
    1   0.024  350.0233  +24.2214 A   NGC 7620           23 20 05.6  +24 13 17   0.033  S?    792
    1   0.065  352.9125  +25.9464 A   UGC 12646          23 31 39.0  +25 56 47   0.026  S2    885
    1   0.013  339.0146  +33.9758 A   NGC 7319           22 36 03.5  +33 58 33   0.022  S2   1069
    1   0.006  139.6083  +16.3056 A   MARK  704          09 18 26.0  +16 18 20   0.029  S1.2 1311
    1   0.012  219.0921  +58.7944 A   MARK  817          14 36 22.1  +58 47 40   0.033  S1.5 1718
    1   0.014  339.1937  -12.5450 A   MARK  915          22 36 46.5  -12 32 42   0.025  S1.8  548
    1   0.004  035.8417  +32.1969 A   AKN   81           02 23 22.0  +32 11 49   0.035  S?   1709
    1   0.036  044.0896  -32.1850 A   ESO 417-G06        02 56 21.5  -32 11 06   0.016  S2   1426
    1   0.028  006.8175   -1.7797 A   NGC  118           00 27 16.2  -01 46 47   0.037  S2    179
    1   0.011  025.9908   +2.3497 A   MARK  573          01 43 57.8  +02 20 59   0.017  S1h  1647
    1   0.012  242.9646  -60.6319 A   1WGA J1611.8-6037  16 11 51.5  -60 37 55   0.016  S1.5 2618
    1   0.022  070.9454  +28.9719 A   UGC  3142          04 43 46.9  +28 58 19   0.022  S1.0 1610
    1   0.011  270.0304  +66.6153 A   NGC 6552           18 00 07.3  +66 36 55   0.027  S1h  2316
    1   0.020  091.6492  -47.4989 A   ESO 254-G17        06 06 35.8  -47 29 56   0.038  S2   1810
    1   0.006  040.4112  -28.1714 A   IC 1833            02 41 38.7  -28 10 17   0.017  S2   1428
    1   0.008  103.7917  +41.0028 Q   NPM1G+41.0135      06 55 10.0  +41 00 10   0.022  S?    988
    1   0.043  008.5575  -21.4389 A   ESO 540-G01        00 34 13.8  -21 26 20   0.027  S1.8 1810
    1   0.023  051.2208  -60.7381 A   ESO 116-G18        03 24 53.0  -60 44 17   0.018  S2    576
    1   0.001  276.0808  -56.3692 A   IC 4709            18 24 19.4  -56 22 09   0.017  S2   1503
    1   0.013  000.7900  +21.9600 A   MARK  334          00 03 09.6  +21 57 36   0.022  S1.8 1718
    1   0.005  116.8712  +60.9336 A   MARK   10          07 47 29.1  +60 56 01   0.030  S1.0 1703
    1   0.051  129.5462  +24.8958 A   MARK 1218          08 38 11.1  +24 53 45   0.028  S1.8 1713
    1   0.026  346.3287   +0.1892 A   UGC 12348          23 05 18.9  +00 11 21   0.030  S2   1022
    1   0.008  021.8854  +19.1789 A   MARK  359          01 27 32.5  +19 10 44   0.017  S1n  1712
    1   0.005  094.1754  +66.5067 A   Zw 308.017         06 16 42.1  +66 30 24   0.014  S     368
    1   0.041  316.6396  -49.2189 A   ESO 235-G59        21 06 33.5  -49 13 08   0.024  S1.8 2587
    1   0.002  349.0029  +25.5567 A   IC 5298            23 16 00.7  +25 33 24   0.027  S2   2390
    1   0.013  073.3571   +4.0617 A   IRAS 04507+0358    04 53 25.7  +04 03 42   0.030  S2    576
    1   0.020  028.8421   +6.6117 A   UGC  1395          01 55 22.1  +06 36 42   0.017  S1.9 1718
    1   0.007  359.0162   -0.9883 A   IC 1515            23 56 03.9  -00 59 18   0.023  S2   1805
    1   0.011  025.9067  -33.7053 A   ESO 353-G38        01 43 37.6  -33 42 19   0.030  S2   1426
    1   0.003  340.2817  +32.1697 A   MARK  917          22 41 07.6  +32 10 11   0.025  S2    659
    1   0.093  010.1996  -79.2408 A   ESO 012-G21        00 40 47.9  -79 14 27   0.033  S1.5 2583
    1   0.010  021.1875  +32.1656 A   MARK  991          01 24 45.0  +32 09 56   0.036       1709
    1   0.033  301.7421  -34.5486 A   ESO 399-IG20       20 06 58.1  -34 32 55   0.025  S1n  1519
    1   0.009  114.2375  +58.7703 A   MARK    9          07 36 57.0  +58 46 13   0.039  S1.5  690
    1   0.003  114.3754  +59.6842 A   UGC  3927          07 37 30.1  +59 41 03   0.041  S     368
    1   0.017  345.5142  +27.0528 A   MARK 1127          23 02 03.4  +27 03 10   0.025  H2   1713
    1   0.003  020.0821  -44.1286 A   ESO 244-G17        01 20 19.7  -44 07 43   0.023  S1.5 1810
    1   0.005  202.5221  -20.9331 A   ESO 576-G69        13 30 05.3  -20 55 59   0.018  S?   1610
    1   0.013  181.1237  +20.3161 A   AKN  347           12 04 29.7  +20 18 58   0.022  S2     68
    1   0.012  311.5867   -2.8125 A   MARK  896          20 46 20.8  -02 48 45   0.027  S1n  1713
    1   0.042  256.1412  +72.4458 A   UGC 10713          17 04 33.9  +72 26 45   0.004  H2   1610
    1   0.011  273.0587  +21.8847 A   Zw 142.019         18 12 14.1  +21 53 05   0.018  S    2426
    1   0.025  140.9296  +22.9092 A   MCG +04.22.042     09 23 43.1  +22 54 33   0.033  S1n   805
    1   0.020  082.4817  +44.5775 A   IRAS 05262+4432    05 29 55.6  +44 34 39   0.032  S1n  1610
    1   0.018  036.3642  +37.1744 A   Zw 523.037         02 25 27.4  +37 10 28   0.033  S     368
    1   0.012  121.0246   +5.1139 A   MARK 1210          08 04 05.9  +05 06 50   0.013  S2   1529
    1   0.002  051.9758   +2.5617 A   3C  88.0           03 27 54.2  +02 33 42   0.030  S3   1356
    1   0.065  178.1579   -5.2072 A   MCG -01.30.041     11 52 37.9  -05 12 26   0.018  S1.8 1610
    1   0.006  052.6704   -3.1378 A   MARK  612          03 30 40.9  -03 08 16   0.020  S2     19
    1   0.018  019.8254   +4.5783 A   MARK  567          01 19 18.1  +04 34 42   0.033  H2   2409
    1   0.038  016.3208  -58.4369 A   ESO 113-G10        01 05 17.0  -58 26 13   0.026  S1.8 1810
    1   0.128  349.5921   -4.4164 A   NGC 7592W          23 18 22.1  -04 24 59   0.024  S2   2426
    2   0.205  349.5908   -4.4156 A   NGC 7592E          23 18 21.8  -04 24 56   0.024  H2   2426
    1   0.035  214.4942  +26.4131 A   MARK 1510          14 17 58.6  +26 24 47   0.015  H2   2427
    1   0.017  141.5137  +12.7342 A   MARK  705          09 26 03.3  +12 44 03   0.028  S1.2  268
    1   0.013  177.1912  +29.6414 A   MCG +05.28.032     11 48 45.9  +29 38 29   0.022  S3   2500
    1   0.025  338.1283   +8.2075 A   AKN  557           22 32 30.8  +08 12 27   0.025  S1.5   62
    1   0.031  056.9171   +1.0872 A   IRAS 03450+0055    03 47 40.1  +01 05 14   0.031  S1.5  269
    1   0.012  176.3171  +79.6817 A   UGC  6728          11 45 16.1  +79 40 54   0.006  S1.2 2115
    1   0.018  233.9496  +73.4506 A   UGC  9944          15 35 47.9  +73 27 02   0.025  S2    576
    1   0.012  161.0350  +70.4053 A   MCG +12.10.067     10 44 08.4  +70 24 19   0.033  S2    576
    1   0.012  250.2179   -6.3147 A   IRAS 16382-0613    16 40 52.3  -06 18 53   0.028  S2    576
    1   0.056  349.8554   +5.9058 A   IC 1481            23 19 25.3  +05 54 21   0.020  S3    193
    1   0.019  330.1725  +10.5525 A   MARK  520          22 00 41.4  +10 33 09   0.028  S1.9 1608
    1   0.012  260.1175   -0.9797 A   3C 353.0           17 20 28.2  -00 58 47   0.030  S2    365
    1   0.004  247.4512  +67.3783 A   MARK  885          16 29 48.3  +67 22 42   0.025  S1.0 1146
    1   0.011  340.0712   +8.0539 A   UGC 12138          22 40 17.1  +08 03 14   0.025  S1.8 1718
    1   0.013  301.9617  +59.6364 A   Zw 303.017         20 07 50.8  +59 38 11   0.037  S    1610
    1   0.021  058.4429  +19.9736 A   IC  355            03 53 46.3  +19 58 25   0.029  S1   2504
    1   0.023  324.6396  +32.0847 A   Zw 493.002         21 38 33.5  +32 05 05   0.025  S1.8 1246
    1   0.002  237.6729   -3.8883 A   NPM1G-03.0553      15 50 41.5  -03 53 18   0.030  S1h  2316
    1   0.009  103.0104  +27.4608 A   B2 0648+27         06 52 02.5  +27 27 39   0.041  S2    684
    1   0.212  190.3562  -57.8308 A   WKK 1263           12 41 25.5  -57 49 51   0.024  S2   1508
    1   0.009  253.0783  +55.9056 A   UGC 10593          16 52 18.8  +55 54 20   0.029  S2    393
    1   0.021  042.4663  +34.9881 A   MARK 1058          02 49 51.9  +34 59 17   0.018  S2     19
    1   0.209  190.9862  +32.1708 A   SDSS J12439+3210   12 43 56.7  +32 10 15   0.002  S1     15
    1   0.217  079.2183  +53.1908 A   Zw 258.006         05 16 52.4  +53 11 27   0.028  S1.8 1610
    1   0.015  160.6312   +5.0442 A   NGC 3341B          10 42 31.5  +05 02 39   0.027  S2    159
    1   0.009  259.8104  +48.9806 A   Arp 102B           17 19 14.5  +48 58 50   0.025  S3b  1035
    1   0.149  095.9417  -60.9767 A   ESO 121-IG28       06 23 46.0  -60 58 36   0.040  S2    636
    1   0.003  343.6812  +11.7142 A   UGC 12243          22 54 43.5  +11 42 51   0.028  S1   2242
    1   0.003  103.9562  +40.0003 A   UGC  3601          06 55 49.5  +40 00 01   0.018  S1.5  170
    1   0.007  039.6142   +1.9078 A   NGC 1019           02 38 27.4  +01 54 28   0.024  S1.5  545
    1   0.003  206.1754  +55.8869 A   MARK  273          13 44 42.1  +55 53 13   0.037  S2    457
    1   0.021  192.1937  +41.9211 A   NGC 4704           12 48 46.5  +41 55 16   0.027  S2    576
    1   0.014  340.6637  +29.7256 A   AKN  564           22 42 39.3  +29 43 32   0.025  S3   1829
    1   0.029  103.1546  +45.7803 A   MCG +08.13.022     06 52 37.1  +45 46 49   0.021  S2   1554
    1   0.126  351.3400  +28.8564 A   Zw 497.016         23 25 21.6  +28 51 23   0.034  S2    885
    1   0.009  346.0112  +22.6242 A   MARK  315          23 04 02.7  +22 37 27   0.040  S1.5 1713
    1   0.011  165.7958  +41.7050 A   MCG +07.23.15      11 03 11.0  +41 42 18   0.031  S3   1246
    1   0.016  000.6100   +3.3517 A   MARK  543          00 02 26.4  +03 21 06   0.026  S1.5 1856
    1   0.015  171.7021  +35.2511 A   MARK  423          11 26 48.5  +35 15 04   0.032  S1.8  845
    1   0.010  041.0121  -26.1864 A   ESO 479-G030       02 44 02.9  -26 11 11   0.035  S2   1428
    1   0.013  205.2962  +30.3781 A   MARK  268          13 41 11.1  +30 22 41   0.041  S2     67
    1   0.008  040.3954   +7.1872 A   MARK  595          02 41 34.9  +07 11 14   0.028  S1.5 2233
    1   0.009  012.8958  +29.4011 A   UGC   524          00 51 35.0  +29 24 04   0.036  S1   1036
    1   0.227  004.6529   -7.0469 A   IRAS 00160-0719    00 18 36.7  -07 02 49   0.018  S2    576
    1   0.034  178.5517   +0.1367 A   MARK 1308          11 54 12.4  +00 08 12   0.004  H2   2409
    1   0.005  165.3917  +45.6539 A   UGC  6100          11 01 34.0  +45 39 14   0.029  S2   1718
    1   0.011  042.3362  +19.3042 A   MARK  372          02 49 20.7  +19 18 15   0.031  S1.5  884
    1   0.009  343.5821  +11.7825 A   UGC 12237          22 54 19.7  +11 46 57   0.029  S2    578
    1   0.014  149.9275  -31.2164 A   WPVS 48            09 59 42.6  -31 12 59   0.037  S1   2584
    1   0.031  254.7867  +28.9919 A   UGC 10639          16 59 08.8  +28 59 31   0.032  H2    576
    1   0.007  186.4537  +33.5467 A   NGC 4395           12 25 48.9  +33 32 48   0.001  S1.8 1033
    1   0.029  040.7167   +7.5981 A   MARK  596          02 42 52.0  +07 35 53   0.039  S2    838
    1   0.015  351.8808  +12.3850 A   NGC 7672           23 27 31.4  +12 23 06   0.013  S2   1069
    1   0.008  265.3671   +3.8142 A   RXS J17414+0348    17 41 28.1  +03 48 51   0.030  S1   1634
    1   0.011  241.4033  +17.8019 A   MARK  298          16 05 36.8  +17 48 07   0.034  H2   2409
    1   0.025  059.7271  +10.4339 A   3C  98.0           03 58 54.5  +10 26 02   0.031  S2    494
    1   0.003  258.9696  +36.4058 A   UGC 10782          17 15 52.7  +36 24 21   0.039  S1   2404
    1   0.013  073.2454   +1.3311 A   UGC 3194           04 52 58.9  +01 19 52   0.028  S3   1246
    1   0.013  239.7900  +35.0297 A   MARK  493          15 59 09.6  +35 01 47   0.032  S1n   914
    1   0.105  164.8271  -51.4417 A   ESO 215-G?14       10 59 18.5  -51 26 30   0.019  S1   2409
    1   0.021  186.6971   +8.8847 A   NGC 4411B          12 26 47.3  +08 53 05   0.004  S2   2086
    1   0.028  023.0675  +21.4106 A   UGC  1098          01 32 16.2  +21 24 38   0.034  S?    792
    1   0.001  226.0050  +10.4378 A   MARK  841          15 04 01.2  +10 26 16   0.036  S1.5 2540
    1   0.024  351.3512  -38.4472 A   IRAS 23226-3843    23 25 24.3  -38 26 50   0.036  S1     33
    1   0.020  000.4933  +36.6489 A   Zw 517.014         00 01 58.4  +36 38 56   0.032  S2   2635
    1   0.012  355.6375  -65.9567 A   NGC 7733           23 42 33.0  -65 57 24   0.034  S2   1426
    1   0.009  022.2146   +2.4464 A   UM 105             01 28 51.5  +02 26 47   0.030  S2   2298
    1   0.028  102.6287  -19.9903 A   IRAS 06483-1955    06 50 30.9  -19 59 25   0.026  S1.8 1610
    1   0.015  358.9342  +30.2125 A   Zw 098.038         23 55 44.2  +30 12 45   0.031  S2    576
    1   0.010  331.0737   +4.6672 A   PKS 2201+04        22 04 17.7  +04 40 02   0.028  S1   2411
    1   0.007  095.7721   -6.1203 A   IRAS 06206-0605    06 23 05.3  -06 07 13   0.020  S2   2293
    1   0.014  198.8221  +44.4069 A   MARK  248          13 15 17.3  +44 24 25   0.035  S2   1507
    1   0.022  008.9533  -13.6103 A   NGC  166           00 35 48.8  -13 36 37   0.020  S2   1428
    1   0.031  244.1554  +68.2031 A   KAZ  69            16 16 37.3  +68 12 11   0.004  S3   1183
    1   0.021  211.6954  +71.8894 A   Zw 336.041         14 06 46.9  +71 53 22   0.034  S1.9 1609
    1   0.019  315.5900  +10.9708 A   Zw 425.034         21 02 21.6  +10 58 15   0.029  S1.5  170
    1   0.007  218.9096  +73.5311 A   MARK  287          14 35 38.3  +73 31 52   0.038  S?   1476
    1   0.010  045.0179  -10.8244 A   MCG -02.08.038     03 00 04.3  -10 49 28   0.033  S1   1428
    1   0.008  171.0362   +6.2147 A   RXS J11241+0612    11 24 08.7  +06 12 53   0.036  S1.8  752
    1   0.013  171.2346   -3.8111 A   GSC 4926 01061     11 24 56.3  -03 48 40   0.023  S2   1428
    1   0.004  160.9692   -1.2944 A   MARK 1261          10 43 52.6  -01 17 40   0.026  H2   2409
    1   0.015  206.7683  +11.1064 A   MARK 1361          13 47 04.4  +11 06 23   0.023  S    2426
    1   0.012  252.0633  -30.5844 A   IGR J16482-3036    16 48 15.2  -30 35 04   0.031  S1   1500
    1   0.077  205.2833  +23.2808 A   IC  910            13 41 08.0  +23 16 51   0.027  S3   1338
    1   0.007  277.2004  +50.3725 A   AKN  539           18 28 48.1  +50 22 21   0.016  S2   2109
    1   0.016  258.5383  +39.4981 A   NPM1G+39.0437      17 14 09.2  +39 29 53   0.036  S2    576
    1   0.007  019.0300  +33.0894 A   MARK    1          01 16 07.2  +33 05 22   0.016  S2   2489
    1   0.009  115.6737  +65.1769 A   MARK   78          07 42 41.7  +65 10 37   0.038  S2   1262
    1   0.013  313.8429   +2.3547 A   Zw 374.029         20 55 22.3  +02 21 17   0.013  S1n  1246
    1   0.005  147.5775  +75.7481 A   Zw 350.032         09 50 18.6  +75 44 53   0.037  S2?  2412
    1   0.004  026.2083  +21.8825 A   IC 1725            01 44 50.0  +21 52 57   0.036  S2    792
    1   0.009  029.1921  +36.8864 A   UGC  1416          01 56 46.1  +36 53 11   0.019  S2    393
    1   0.022  276.8112  +19.9389 A   MCG +03.47.002     18 27 14.7  +19 56 20   0.041  S1   1246
    1   0.008  125.7546   -4.9347 A   MCG -01.22.006     08 23 01.1  -04 56 05   0.023  S2   1311
    1   0.009  329.0929   +7.3667 A   MARK  516          21 56 22.3  +07 22 00   0.028  S1.8 1704
    1   0.027  234.8646  +24.9481 A   MARK  860          15 39 27.5  +24 56 53   0.023  S?    576
    1   0.016  048.7725   +1.5086 A   KUG 0312+013       03 15 05.4  +01 30 31   0.023  S2    576
    1   0.004  206.2013  -36.0744 A   ESO 383-G69        13 44 48.3  -36 04 28   0.038  S3   1517
    1   0.025  155.2408   -4.9508 A   GSC 4908 01685     10 20 57.8  -04 57 03   0.040  S2   1428
    1   0.027  156.3046  +67.2967 A   KUG 1021+675       10 25 13.1  +67 17 48   0.039  S2    576
    1   0.007  159.1492   +5.9106 A   MCG +01.27.020     10 36 35.8  +05 54 38   0.012  S2   1066
    1   0.020  260.8471  +36.5028 A   IRAS 17216+3633    17 23 23.3  +36 30 10   0.040  S1    118
    1   0.022  035.0575   +8.2056 A   MARK 1400          02 20 13.8  +08 12 20   0.029  S1.0 1713
    1   0.055  359.3658  -30.4611 A   MCG -05.01.013     23 57 27.8  -30 27 40   0.033  S1n   914
    1   0.008  235.7312  +70.8281 A   Zw 338.014         15 42 55.5  +70 49 41   0.025  S?    368
    1   0.013  356.0050  +27.7156 A   MARK 1133          23 44 01.2  +27 42 56   0.024  H2    548
    1   0.017  103.6462  +50.3528 A   MARK  373          06 54 35.1  +50 21 10   0.020  S1    576
    1   0.014  252.6779   +4.6050 A   1SAX J16506+0437   16 50 42.7  +04 36 18   0.031  S2   1304
    1   0.005  210.0767   +5.0450 A   SDSS J14003+0502   14 00 18.4  +05 02 42   0.034          3
    1   0.004  014.9721  +31.8269 A   MARK  352          00 59 53.3  +31 49 37   0.015  S1.0 1703
    1   0.024  239.2637  +63.8411 A   KAZ  49            15 57 03.3  +63 50 28   0.030  S1   1608
    1   0.007  254.5646  +39.3914 A   HS 1656+3927       16 58 15.5  +39 23 29   0.034  S2    578
    1   0.154  044.0408  -13.6853 A   MCG -02.08.031     02 56 09.8  -13 41 07   0.023  S2   1428
    1   0.007  348.4187  +14.0208 A   MARK  316          23 13 40.5  +14 01 15   0.040  S1.5 1610
    1   0.016  359.0083   +7.5231 A   MARK  541          23 56 02.0  +07 31 23   0.040  S1.0 1703
    1   0.023  355.9900   +2.7453 A   MARK  539          23 43 57.6  +02 44 43   0.038  S?   1472
    1   0.067  068.6192  +71.4681 A   RXS J04344+7127    04 34 28.6  +71 28 05   0.025  S1.5  170
    1   0.007  254.3171  +27.8497 A   NGC 6264           16 57 16.1  +27 50 59   0.035  S2    792
    1   0.021  335.9379  +11.8358 A   MCG +02.57.002     22 23 45.1  +11 50 09   0.029  S1.5   62
    1   0.031  180.4375  +20.3286 A   MCG +04.28.122     12 01 45.0  +20 19 43   0.024  S2    275
    1   0.021  075.5375   +3.5308 A   MS 04595+0327      05 02 09.0  +03 31 51   0.016  S1    817
    1   0.012  345.5329  +25.6697 A   UGC 12318          23 02 07.9  +25 40 11   0.032  S2   1179
    1   0.012  264.2225  +68.1717 A   AKN  524           17 36 53.4  +68 10 18   0.024  S1.5  548
    1   0.051  090.0904  -57.9386 A   IRAS 05595-5756    06 00 21.7  -57 56 19   0.038  S2    576
    1   0.023  247.4700  +24.4442 A   MARK  883          16 29 52.8  +24 26 39   0.038  S1.9 1713
    1   0.008  164.4733   -4.9050 A   IC  657            10 57 53.6  -04 54 18   0.032  S2   1428
    1   0.008  190.6504  +78.1222 A   NPM1G+78.0048      12 42 36.1  +78 07 20   0.022  S1.9 1610
    1   0.022  124.0050  +58.3342 A   MCG +10.12.112     08 16 01.2  +58 20 03   0.025  S2   1610
    1   0.032  242.6692   +2.1106 A   Zw 023.021         16 10 40.6  +02 06 38   0.029  S1.9 1246
    1   0.012  144.8217  +36.5622 A   MCG +06.21.068     09 39 17.2  +36 33 44   0.020  S1.5 1067
    1   0.227  093.1863  +47.5147 A   MCG +08.12.003     06 12 44.7  +47 30 53   0.038  S1.8 1610
    1   0.014  358.3283   +3.7178 A   UM  11             23 53 18.8  +03 43 04   0.038  H2    838
    1   0.018  340.4833  +20.2617 A   MARK  308          22 41 56.0  +20 15 42   0.024  S    2426
    1   0.043  357.1733   +2.2403 A   KUG 2346+019A      23 48 41.6  +02 14 25   0.031  H2    576
    1   0.023  154.5137   -3.7944 A   GSC 4907 01728     10 18 03.3  -03 47 40   0.040  S2   1428
    1   0.010  268.5783  +18.9483 A   NPM1G+18.0525      17 54 18.8  +18 56 54   0.039  S2    576
    1   0.008  316.9412   +3.8778 A   II Zw 102          21 07 45.9  +03 52 40   0.026  S2    659
    1   0.013  117.4933  +55.9244 A   KUG 0745+560       07 49 58.4  +55 55 28   0.036  S2   1766
    1   0.003  113.4712  +49.2919 A   UGC 3901           07 33 53.1  +49 17 31   0.022  S1.9 1246
    1   0.014  205.2167  -28.0886 A   ESO 445-G10        13 40 52.0  -28 05 19   0.041  S    1517
    1   0.032  026.1267  +17.1025 A   III Zw  35         01 44 30.4  +17 06 09   0.027  S2    404
    1   0.013  222.6575  +22.7344 A   MARK 1388          14 50 37.8  +22 44 04   0.021  S1.9 1706
    1   0.015  017.5587  +50.1756 A   Zw 551.008         01 10 14.1  +50 10 32   0.024  S    1610
    1   0.007  121.7729  +27.1261 A   MARK 1212          08 07 05.5  +27 07 34   0.041  H2   2389
    1   0.016  350.6829   +8.3603 A   NPM1G+08.0555      23 22 43.9  +08 21 37   0.038  S2   1210
    1   0.027  255.8158  +31.4583 A   MARK  700          17 03 15.8  +31 27 30   0.034  S3    548
    1   0.028  230.3879  +39.2006 A   UGC  9826          15 21 33.1  +39 12 02   0.029  S1.5  576
    1   0.012  045.0333  +16.5039 A   RXS J03000+1630    03 00 08.0  +16 30 14   0.035  S1    752
    1   0.015  113.8979  +56.0472 A   MARK 1408          07 35 35.5  +56 02 50   0.034  H2   1707
    1   0.011  286.3583  +42.4611 A   Zw 229.015         19 05 26.0  +42 27 40   0.027  S1   1838
