    1   0.012  023.5758  -29.4183 A   NGC  613           01 34 18.2  -29 25 06   0.005  S?   2410
    1   0.004  208.3612  +40.2831 A   NGC 5353           13 53 26.7  +40 16 59   0.008  S?    368
    1   0.018  105.6683  -28.6969 A   NGC 2325           07 02 40.4  -28 41 49   0.007  S?    988
    1   0.005  019.0150   +4.2942 A   MARK  565          01 16 03.6  +04 17 39   0.021  S?   1401
    1   0.024  266.2354  +55.7044 A   NGC 6454           17 44 56.5  +55 42 16   0.031  S?    368
    1   0.022  139.7596  +26.2697 A   NGC 2824           09 19 02.3  +26 16 11   0.008  S?   2528
    1   0.024  350.0233  +24.2214 A   NGC 7620           23 20 05.6  +24 13 17   0.033  S?    792
    1   0.004  035.8417  +32.1969 A   AKN   81           02 23 22.0  +32 11 49   0.035  S?   1709
    1   0.008  103.7917  +41.0028 Q   NPM1G+41.0135      06 55 10.0  +41 00 10   0.022  S?    988
    1   0.005  202.5221  -20.9331 A   ESO 576-G69        13 30 05.3  -20 55 59   0.018  S?   1610
    1   0.028  023.0675  +21.4106 A   UGC  1098          01 32 16.2  +21 24 38   0.034  S?    792
    1   0.007  218.9096  +73.5311 A   MARK  287          14 35 38.3  +73 31 52   0.038  S?   1476
    1   0.027  234.8646  +24.9481 A   MARK  860          15 39 27.5  +24 56 53   0.023  S?    576
    1   0.008  235.7312  +70.8281 A   Zw 338.014         15 42 55.5  +70 49 41   0.025  S?    368
    1   0.023  355.9900   +2.7453 A   MARK  539          23 43 57.6  +02 44 43   0.038  S?   1472
