    1   0.042  010.6846  +41.2694 Q   M 31               00 42 44.3  +41 16 10   0.000  S2   1936
    1   0.009  187.4450   +8.0006 A   NGC 4472           12 29 46.8  +08 00 02   0.003  S2   1034
    1   0.060  202.4683  +47.1947 A   NGC 5194           13 29 52.4  +47 11 41   0.001  S2   1034
    1   0.023  184.7396  +47.3039 A   NGC 4258           12 18 57.5  +47 18 14   0.002  S2    157
    1   0.049  145.6387   -3.6983 A   NGC 2974           09 42 33.3  -03 41 54   0.006  S2   1428
    1   0.022  187.9971  +14.4203 A   NGC 4501           12 31 59.3  +14 25 13   0.007  S2   2410
    1   0.020  186.2654  +12.8869 A   NGC 4374           12 25 03.7  +12 53 13   0.003  S2    280
    1   0.054  192.6108  +25.5017 A   NGC 4725           12 50 26.6  +25 30 06   0.004  S2   1034
    1   0.035  188.9167  +12.5564 A   NGC 4552           12 35 40.0  +12 33 23   0.001  S2    383
    1   0.095  009.7392  +48.3372 Q   NGC  185           00 38 57.4  +48 20 14   0.000  S2   1034
    1   0.153  259.2467  -62.8181 A   NGC 6300           17 16 59.2  -62 49 05   0.003  S2   1805
    1   0.013  185.4787   +4.4736 A   NGC 4303           12 21 54.9  +04 28 25   0.005  S2   1208
    1   0.054  169.2283  +18.0511 A   NGC 3607           11 16 54.8  +18 03 04   0.003  S2    789
    1   0.087  253.1904  -59.2164 A   NGC 6221           16 52 45.7  -59 12 59   0.004  S2   2407
    1   0.031  309.3100  +66.1056 A   NGC 6951           20 37 14.4  +66 06 20   0.006  S2   2086
    1   0.088  150.4938  +55.6806 A   NGC 3079           10 01 58.5  +55 40 50   0.004  S2   1034
    1   0.017  187.5092  +13.6364 A   NGC 4477           12 30 02.2  +13 38 11   0.005  S2   1034
    1   0.009  178.2308  +36.9864 A   NGC 3941           11 52 55.4  +36 59 11   0.003  S2   1034
    1   0.034  154.2217  +73.4006 A   NGC 3147           10 16 53.2  +73 24 02   0.010  S2    214
    1   0.007  192.0954   +8.4872 A   NGC 4698           12 48 22.9  +08 29 14   0.003  S2   1034
    1   0.041  027.2387   +5.9067 A   NGC  676           01 48 57.3  +05 54 24   0.005  S2   1034
    1   0.022  091.4250  -86.6317 A   ESO 005-G04        06 05 42.0  -86 37 54   0.006  S2   1311
    1   0.119  248.8092  -58.0781 A   ESO 137-G34        16 35 14.2  -58 04 41   0.009  S2    706
    1   0.015  165.0996  +28.9750 A   NGC 3486           11 00 23.9  +28 58 30   0.002  S2   1034
    1   0.006  030.0621  +31.4294 A   NGC  777           02 00 14.9  +31 25 46   0.017  S2   1034
    1   0.020  133.8942  +58.7344 A   NGC 2685           08 55 34.6  +58 44 04   0.003  S2   1034
    1   0.024  173.9896  +70.5353 A   NGC 3735           11 35 57.5  +70 32 07   0.009  S2   1032
    1   0.065  356.0892   +9.9342 A   NGC 7743           23 44 21.4  +09 56 03   0.007  S2   2410
    1   0.014  216.6383  +56.5828 A   NGC 5631           14 26 33.2  +56 34 58   0.007  S2   1034
    1   0.131  193.3617  -48.7508 A   NGC 4785           12 53 26.8  -48 45 03   0.012  S2    705
    1   0.048  186.3246   +4.9250 A   NGC 4378           12 25 17.9  +04 55 30   0.009  S2   1034
    1   0.017  109.1300  -29.3244 A   ESO 428-G14        07 16 31.2  -29 19 28   0.005  S2    205
    1   0.003  038.5837  +32.5056 A   NGC  973           02 34 20.1  +32 30 20   0.016  S2    356
    1   0.041  178.9892   +6.7489 A   NGC 3976           11 55 57.4  +06 44 56   0.008  S2   1034
    1   0.029  060.7012   +1.9653 A   UGC  2936          04 02 48.3  +01 57 55   0.013  S2   2176
    1   0.032  236.5687   +2.4156 A   NGC 5990           15 46 16.5  +02 24 56   0.013  S2   1210
    1   0.054  138.5221  +40.1131 A   NGC 2782           09 14 05.3  +40 06 47   0.008  S2   1208
    1   0.038  040.8746  +37.3408 A   NGC 1058           02 43 29.9  +37 20 27   0.002  S2   1034
    1   0.014  157.3329  +29.4917 A   NGC 3254           10 29 19.9  +29 29 30   0.005  S2   1034
    1   0.012  248.1337  +82.5381 A   NGC 6251           16 32 32.1  +82 32 17   0.024  S2   2109
    1   0.013  183.2625   +7.0389 A   NGC 4180           12 13 03.0  +07 02 20   0.007  S2   1504
    1   0.023  183.0787  +29.1794 A   NGC 4169           12 12 18.9  +29 10 46   0.013  S2   1034
    1   0.018  162.0975  -25.1622 A   NGC 3393           10 48 23.4  -25 09 44   0.012  S2   2409
    1   0.018  071.6237  +18.4611 A   UGC  3157          04 46 29.7  +18 27 40   0.016  S2    505
    1   0.022  233.6346  +15.1939 A   NGC 5953           15 34 32.3  +15 11 38   0.007  S2   1857
    1   0.010  071.0375  +28.2167 A   LEDA  86269        04 44 09.0  +28 13 00   0.011  S2   1311
    1   0.018  086.4492  +58.7008 A   UGC  3351          05 45 47.8  +58 42 03   0.015  S2    116
    1   0.011  190.6054   -6.9711 A   NGC 4628           12 42 25.3  -06 58 16   0.010  S2    505
    1   0.030  116.0379  +29.2469 A   UGC  3995          07 44 09.1  +29 14 49   0.015  S2   1495
    1   0.065  143.6825  -21.9283 A   ESO 565-G19        09 34 43.8  -21 55 42   0.015  S2   1210
    1   0.015  113.7596  +32.8219 A   SDSS J07350+3249   07 35 02.3  +32 49 19   0.015  S2    951
    1   0.009  224.0350  -37.6478 A   ESO 386-G034       14 56 08.4  -37 38 52   0.024  S2   1507
    1   0.118  252.8354  -59.2364 A   ESO 138-G01        16 51 20.5  -59 14 11   0.009  S2     41
    1   0.012  043.9675   +9.3117 A   IC 1867            02 55 52.2  +09 18 42   0.026  S2   1810
    1   0.049  040.6487  +34.7628 A   NGC 1050           02 42 35.7  +34 45 46   0.013  S2    505
    1   0.005  044.9942  +36.8206 A   MARK 1066          02 59 58.6  +36 49 14   0.012  S2   1713
    1   0.021  250.3658  +57.7836 A   NGC 6211           16 41 27.8  +57 47 01   0.020  S2   1182
    1   0.016  111.6100  -35.9058 A   IRAS 07245-3548    07 26 26.4  -35 54 21   0.029  S2    184
    1   0.053  186.6496   +3.9650 A   NGC 4412           12 26 35.9  +03 57 54   0.008  S2   1210
    1   0.015  229.1854   +7.0214 A   3C 317.0           15 16 44.5  +07 01 17   0.034  S2    365
    1   0.066  264.4146  -59.9414 A   ESO 139-G12        17 37 39.5  -59 56 29   0.017  S2    706
    1   0.007  238.3971  -61.6828 A   ESO 136-G006       15 53 35.3  -61 40 58   0.015  S2   1507
    1   0.010  195.3521  +29.3086 A   NGC 4922B          13 01 24.5  +29 18 31   0.024  S2   1069
    1   0.015  311.8921   +0.4114 A   UGC 11630          20 47 34.1  +00 24 41   0.012  S2    576
    1   0.017  180.6987  -53.8353 A   IGR J12026-5349    12 02 47.7  -53 50 07   0.028  S2   1503
    1   0.021  004.5979  +30.0631 A   NGC   71           00 18 23.5  +30 03 47   0.022  S2   1246
    1   0.011  077.0821  +17.3631 A   Zw 468.002         05 08 19.7  +17 21 47   0.017  S2   1634
    1   0.013  198.7762  -55.1561 A   IRAS 13120-5453    13 15 06.3  -55 09 22   0.031  S2    450
    1   0.065  146.9308  -32.8364 A   ESO 373-G29        09 47 43.4  -32 50 11   0.009  S2   1834
    1   0.007  205.2742  +67.6722 A   MARK  270          13 41 05.8  +67 40 20   0.009  S2   1718
    1   0.011  073.9950  -75.5411 A   ESO 033-G02        04 55 58.8  -75 32 28   0.019  S2   1222
    1   0.007  048.7558  +42.0358 A   MARK 1073          03 15 01.4  +42 02 09   0.023  S2     19
    1   0.013  108.5162  +35.2794 A   UGC  3752          07 14 03.9  +35 16 46   0.016  S2    505
    1   0.032  204.5721  +48.2761 A   MARK  266SW        13 38 17.3  +48 16 34   0.028  S2    840
    1   0.013  318.5525   +2.1778 A   IC 1368            21 14 12.6  +02 10 40   0.013  S2   1210
    1   0.161  017.1983  -15.8425 A   IC   78            01 08 47.6  -15 50 33   0.040  S2   1428
    1   0.035  030.0800  +24.4739 A   UGC  1479          02 00 19.2  +24 28 26   0.018  S2    792
    1   0.032  034.3454  +38.4139 A   AKN   79           02 17 22.9  +38 24 50   0.020  S2    548
    1   0.028  218.4312  -14.6197 A   NGC 5664           14 33 43.5  -14 37 11   0.015  S2   1210
    1   0.024  077.4592   +7.4831 A   UGC  3255          05 09 50.2  +07 28 59   0.019  S2   1069
    1   0.011  287.7250  +73.4100 A   NGC 6786           19 10 54.0  +73 24 36   0.025  S2   2635
    1   0.152  013.7608  -19.0047 A   ESO 541-G001       00 55 02.6  -19 00 17   0.021  S2   1428
    1   0.037  281.9333  -63.1564 A   ESO 104-G11        18 47 44.0  -63 09 23   0.015  S2   2535
    1   0.065  352.9125  +25.9464 A   UGC 12646          23 31 39.0  +25 56 47   0.026  S2    885
    1   0.013  339.0146  +33.9758 A   NGC 7319           22 36 03.5  +33 58 33   0.022  S2   1069
    1   0.036  044.0896  -32.1850 A   ESO 417-G06        02 56 21.5  -32 11 06   0.016  S2   1426
    1   0.028  006.8175   -1.7797 A   NGC  118           00 27 16.2  -01 46 47   0.037  S2    179
    1   0.020  091.6492  -47.4989 A   ESO 254-G17        06 06 35.8  -47 29 56   0.038  S2   1810
    1   0.006  040.4112  -28.1714 A   IC 1833            02 41 38.7  -28 10 17   0.017  S2   1428
    1   0.023  051.2208  -60.7381 A   ESO 116-G18        03 24 53.0  -60 44 17   0.018  S2    576
    1   0.001  276.0808  -56.3692 A   IC 4709            18 24 19.4  -56 22 09   0.017  S2   1503
    1   0.026  346.3287   +0.1892 A   UGC 12348          23 05 18.9  +00 11 21   0.030  S2   1022
    1   0.002  349.0029  +25.5567 A   IC 5298            23 16 00.7  +25 33 24   0.027  S2   2390
    1   0.013  073.3571   +4.0617 A   IRAS 04507+0358    04 53 25.7  +04 03 42   0.030  S2    576
    1   0.007  359.0162   -0.9883 A   IC 1515            23 56 03.9  -00 59 18   0.023  S2   1805
    1   0.011  025.9067  -33.7053 A   ESO 353-G38        01 43 37.6  -33 42 19   0.030  S2   1426
    1   0.003  340.2817  +32.1697 A   MARK  917          22 41 07.6  +32 10 11   0.025  S2    659
    1   0.013  181.1237  +20.3161 A   AKN  347           12 04 29.7  +20 18 58   0.022  S2     68
    1   0.012  121.0246   +5.1139 A   MARK 1210          08 04 05.9  +05 06 50   0.013  S2   1529
    1   0.006  052.6704   -3.1378 A   MARK  612          03 30 40.9  -03 08 16   0.020  S2     19
    1   0.128  349.5921   -4.4164 A   NGC 7592W          23 18 22.1  -04 24 59   0.024  S2   2426
    1   0.018  233.9496  +73.4506 A   UGC  9944          15 35 47.9  +73 27 02   0.025  S2    576
    1   0.012  161.0350  +70.4053 A   MCG +12.10.067     10 44 08.4  +70 24 19   0.033  S2    576
    1   0.012  250.2179   -6.3147 A   IRAS 16382-0613    16 40 52.3  -06 18 53   0.028  S2    576
    1   0.012  260.1175   -0.9797 A   3C 353.0           17 20 28.2  -00 58 47   0.030  S2    365
    1   0.009  103.0104  +27.4608 A   B2 0648+27         06 52 02.5  +27 27 39   0.041  S2    684
    1   0.212  190.3562  -57.8308 A   WKK 1263           12 41 25.5  -57 49 51   0.024  S2   1508
    1   0.009  253.0783  +55.9056 A   UGC 10593          16 52 18.8  +55 54 20   0.029  S2    393
    1   0.021  042.4663  +34.9881 A   MARK 1058          02 49 51.9  +34 59 17   0.018  S2     19
    1   0.015  160.6312   +5.0442 A   NGC 3341B          10 42 31.5  +05 02 39   0.027  S2    159
    1   0.149  095.9417  -60.9767 A   ESO 121-IG28       06 23 46.0  -60 58 36   0.040  S2    636
    1   0.003  206.1754  +55.8869 A   MARK  273          13 44 42.1  +55 53 13   0.037  S2    457
    1   0.021  192.1937  +41.9211 A   NGC 4704           12 48 46.5  +41 55 16   0.027  S2    576
    1   0.029  103.1546  +45.7803 A   MCG +08.13.022     06 52 37.1  +45 46 49   0.021  S2   1554
    1   0.126  351.3400  +28.8564 A   Zw 497.016         23 25 21.6  +28 51 23   0.034  S2    885
    1   0.010  041.0121  -26.1864 A   ESO 479-G030       02 44 02.9  -26 11 11   0.035  S2   1428
    1   0.013  205.2962  +30.3781 A   MARK  268          13 41 11.1  +30 22 41   0.041  S2     67
    1   0.227  004.6529   -7.0469 A   IRAS 00160-0719    00 18 36.7  -07 02 49   0.018  S2    576
    1   0.005  165.3917  +45.6539 A   UGC  6100          11 01 34.0  +45 39 14   0.029  S2   1718
    1   0.009  343.5821  +11.7825 A   UGC 12237          22 54 19.7  +11 46 57   0.029  S2    578
    1   0.029  040.7167   +7.5981 A   MARK  596          02 42 52.0  +07 35 53   0.039  S2    838
    1   0.015  351.8808  +12.3850 A   NGC 7672           23 27 31.4  +12 23 06   0.013  S2   1069
    1   0.025  059.7271  +10.4339 A   3C  98.0           03 58 54.5  +10 26 02   0.031  S2    494
    1   0.021  186.6971   +8.8847 A   NGC 4411B          12 26 47.3  +08 53 05   0.004  S2   2086
    1   0.020  000.4933  +36.6489 A   Zw 517.014         00 01 58.4  +36 38 56   0.032  S2   2635
    1   0.012  355.6375  -65.9567 A   NGC 7733           23 42 33.0  -65 57 24   0.034  S2   1426
    1   0.009  022.2146   +2.4464 A   UM 105             01 28 51.5  +02 26 47   0.030  S2   2298
    1   0.015  358.9342  +30.2125 A   Zw 098.038         23 55 44.2  +30 12 45   0.031  S2    576
    1   0.007  095.7721   -6.1203 A   IRAS 06206-0605    06 23 05.3  -06 07 13   0.020  S2   2293
    1   0.014  198.8221  +44.4069 A   MARK  248          13 15 17.3  +44 24 25   0.035  S2   1507
    1   0.022  008.9533  -13.6103 A   NGC  166           00 35 48.8  -13 36 37   0.020  S2   1428
    1   0.013  171.2346   -3.8111 A   GSC 4926 01061     11 24 56.3  -03 48 40   0.023  S2   1428
    1   0.007  277.2004  +50.3725 A   AKN  539           18 28 48.1  +50 22 21   0.016  S2   2109
    1   0.016  258.5383  +39.4981 A   NPM1G+39.0437      17 14 09.2  +39 29 53   0.036  S2    576
    1   0.007  019.0300  +33.0894 A   MARK    1          01 16 07.2  +33 05 22   0.016  S2   2489
    1   0.009  115.6737  +65.1769 A   MARK   78          07 42 41.7  +65 10 37   0.038  S2   1262
    1   0.005  147.5775  +75.7481 A   Zw 350.032         09 50 18.6  +75 44 53   0.037  S2?  2412
    1   0.004  026.2083  +21.8825 A   IC 1725            01 44 50.0  +21 52 57   0.036  S2    792
    1   0.009  029.1921  +36.8864 A   UGC  1416          01 56 46.1  +36 53 11   0.019  S2    393
    1   0.008  125.7546   -4.9347 A   MCG -01.22.006     08 23 01.1  -04 56 05   0.023  S2   1311
    1   0.016  048.7725   +1.5086 A   KUG 0312+013       03 15 05.4  +01 30 31   0.023  S2    576
    1   0.025  155.2408   -4.9508 A   GSC 4908 01685     10 20 57.8  -04 57 03   0.040  S2   1428
    1   0.027  156.3046  +67.2967 A   KUG 1021+675       10 25 13.1  +67 17 48   0.039  S2    576
    1   0.007  159.1492   +5.9106 A   MCG +01.27.020     10 36 35.8  +05 54 38   0.012  S2   1066
    1   0.014  252.6779   +4.6050 A   1SAX J16506+0437   16 50 42.7  +04 36 18   0.031  S2   1304
    1   0.007  254.5646  +39.3914 A   HS 1656+3927       16 58 15.5  +39 23 29   0.034  S2    578
    1   0.154  044.0408  -13.6853 A   MCG -02.08.031     02 56 09.8  -13 41 07   0.023  S2   1428
    1   0.007  254.3171  +27.8497 A   NGC 6264           16 57 16.1  +27 50 59   0.035  S2    792
    1   0.031  180.4375  +20.3286 A   MCG +04.28.122     12 01 45.0  +20 19 43   0.024  S2    275
    1   0.012  345.5329  +25.6697 A   UGC 12318          23 02 07.9  +25 40 11   0.032  S2   1179
    1   0.051  090.0904  -57.9386 A   IRAS 05595-5756    06 00 21.7  -57 56 19   0.038  S2    576
    1   0.008  164.4733   -4.9050 A   IC  657            10 57 53.6  -04 54 18   0.032  S2   1428
    1   0.022  124.0050  +58.3342 A   MCG +10.12.112     08 16 01.2  +58 20 03   0.025  S2   1610
    1   0.023  154.5137   -3.7944 A   GSC 4907 01728     10 18 03.3  -03 47 40   0.040  S2   1428
    1   0.010  268.5783  +18.9483 A   NPM1G+18.0525      17 54 18.8  +18 56 54   0.039  S2    576
    1   0.008  316.9412   +3.8778 A   II Zw 102          21 07 45.9  +03 52 40   0.026  S2    659
    1   0.013  117.4933  +55.9244 A   KUG 0745+560       07 49 58.4  +55 55 28   0.036  S2   1766
    1   0.032  026.1267  +17.1025 A   III Zw  35         01 44 30.4  +17 06 09   0.027  S2    404
    1   0.016  350.6829   +8.3603 A   NPM1G+08.0555      23 22 43.9  +08 21 37   0.038  S2   1210
