    1   0.047  011.8883  -25.2881 A   NGC  253           00 47 33.2  -25 17 17   0.001  S    1188
    1   0.057  196.3650  -49.4675 A   NGC 4945           13 05 27.6  -49 28 03   0.002  S    1364
    1   0.094  192.7196  +41.1194 A   NGC 4736           12 50 52.7  +41 07 10   0.001  S    1032
    1   0.062  194.1829  +21.6833 A   NGC 4826           12 56 43.9  +21 41 00   0.001  S     744
    1   0.064  189.2079  +13.1639 A   NGC 4569           12 36 49.9  +13 09 50   0.004  S     744
    1   0.009  226.6229  +55.7633 A   NGC 5866           15 06 29.5  +55 45 48   0.002  S    1034
    1   0.001  137.9062  +60.0372 A   NGC 2768           09 11 37.5  +60 02 14   0.005  S     744
    1   0.045  071.4258  -59.2475 A   NGC 1672           04 45 42.2  -59 14 51   0.004  S    2410
    1   0.015  207.3137  +60.1906 A   NGC 5322           13 49 15.3  +60 11 26   0.006  S     368
    1   0.076  153.5617   +3.4664 A   NGC 3169           10 14 14.8  +03 27 59   0.003  S     744
    1   0.077  234.9033  +59.3308 A   NGC 5985           15 39 36.8  +59 19 51   0.008  S    1935
    1   0.014  177.2100  +59.4158 A   NGC 3894           11 48 50.4  +59 24 57   0.011  S     368
    1   0.007  247.1596  +39.5514 Q   NGC 6166           16 28 38.3  +39 33 05   0.030  S     365
    1   0.005  349.5679   +6.5858 A   NGC 7591           23 18 16.3  +06 35 09   0.017  S    2426
    1   0.019  337.8362  +39.3583 A   3C 449.0           22 31 20.7  +39 21 30   0.017  S     365
    1   0.026  233.7387  +23.5033 A   IC 4553            15 34 57.3  +23 30 12   0.018  S    1213
    1   0.005  094.1754  +66.5067 A   Zw 308.017         06 16 42.1  +66 30 24   0.014  S     368
    1   0.003  114.3754  +59.6842 A   UGC  3927          07 37 30.1  +59 41 03   0.041  S     368
    1   0.011  273.0587  +21.8847 A   Zw 142.019         18 12 14.1  +21 53 05   0.018  S    2426
    1   0.018  036.3642  +37.1744 A   Zw 523.037         02 25 27.4  +37 10 28   0.033  S     368
    1   0.013  301.9617  +59.6364 A   Zw 303.017         20 07 50.8  +59 38 11   0.037  S    1610
    1   0.015  206.7683  +11.1064 A   MARK 1361          13 47 04.4  +11 06 23   0.023  S    2426
    1   0.018  340.4833  +20.2617 A   MARK  308          22 41 56.0  +20 15 42   0.024  S    2426
    1   0.014  205.2167  -28.0886 A   ESO 445-G10        13 40 52.0  -28 05 19   0.041  S    1517
    1   0.015  017.5587  +50.1756 A   Zw 551.008         01 10 14.1  +50 10 32   0.024  S    1610
