10.68471, +41.26875, 0.25
11.88806, -25.28880
148.88826, +69.06526
201.36565, -43.01871
196.36366, -49.46790
23.46210, +30.65994
148.96846, +69.67970
56.70214, +68.09611
204.25383, -29.86576
189.99789, -11.62307
10.67427, +40.86517
192.72145, +41.12015
194.18207, +21.68266
308.71805, +60.15368
187.44499, +8.00041
202.46957, +47.19526
184.74008, +47.30372
50.67412, -37.20820
198.95554, +42.02929
40.66988, -0.01329
190.91670, +11.55261
166.45247, -0.03590
10.09198, +41.68530
187.70593, +12.39110
151.30824, -7.71858
170.06261, +12.99129
35.63711, +42.34832
61.94545, +69.81243
339.26709, +34.41592
143.04213, +21.50083
169.73315, +13.09221
189.08669, +25.98739
140.51106, +50.97648
287.44208, -63.85754
186.35022, +18.19108
145.63867, -3.69914
186.54922, +12.94597
40.10005, +39.06325
187.99673, +14.42041
186.26575, +12.88696
161.95667, +12.58163
133.17227, +33.42180
192.61089, +25.50076
202.49829, +47.26613
161.69060, +11.81994
41.57941, -30.27491
54.62118, -35.45074
114.21415, +65.60255
192.14961, -5.80085
197.73463, +37.05894
188.51262, +7.69914
3.72334, -39.19663
183.97685, +13.14940
146.41164, -31.19109
189.43166, +11.81809
190.53337, +32.54151
190.70778, +2.68778
189.20757, +13.16287
129.35260, -55.12374
186.11761, +7.31752
131.28436, -33.79476
185.72874, +15.82238
228.97369, +56.32885
193.09213, -1.19969
55.04960, -18.58038
188.91618, +12.55604
162.07040, +12.62930
190.50967, +11.64693
63.01806, -32.87421
186.86066, +11.10754
197.15636, -49.50641
9.74154, +48.33738
331.96841, +31.35915
221.23335, +1.95474
171.53577, +43.58592
226.62317, +55.76331
259.24780, -62.82055
182.02507, +65.17413
209.03015, +5.25474
185.47896, +4.47359
186.61293, +31.22352
114.09934, -69.53082
183.45122, +14.90047
188.53540, +2.65381
65.00175, -54.93781
13.72283, -37.68438
57.08638, +70.13288
184.70677, +14.41649
169.22774, +18.05181
184.96111, +29.61470
332.31769, -47.16666
20.44520, +5.25672
94.65713, +78.35702
179.39993, +53.37452
133.90721, +78.22308
137.58397, +7.03777
187.85014, +25.77498
167.87903, +55.67412
198.36473, +36.59365
24.17405, +15.78346
67.91473, -54.60227
137.90627, +60.03721
253.19304, -59.21694
23.57598, -29.41849
200.49023, -36.63021
178.45428, +52.32654
187.12347, +17.08495
187.25011, +13.97856
21.19883, +9.53884
71.42730, -59.24741
151.45065, -67.37798
309.30872, +66.10563
65.49509, -56.97475
359.45761, -32.59103
180.47154, -18.87720
185.02841, +29.28050
296.23416, -14.79758
187.45366, +13.42932
192.20532, -41.31109
139.82732, +69.20334
319.75104, -48.56201
207.31334, +60.19041
150.49135, +55.68000
187.50945, +13.63645
188.86012, +14.49632
153.56291, +3.46612
140.75441, -32.44976
267.36047, +70.14434
187.01622, +9.80362
204.38362, +8.88506
186.94022, +13.00859
178.23065, +36.98635
186.91875, +13.07900
184.84692, +5.82471
349.59842, -42.37057
29.83159, +19.00754
165.07739, +13.90123
179.48395, +55.45355
182.76819, +50.48468
193.23354, +11.23080
190.83391, +1.97836
45.30903, +44.89721
150.82976, +68.73373
188.18994, +0.11504
187.04633, +44.09356
154.22359, +73.40069
110.97812, -27.52906
182.63608, +39.40576
215.08311, +3.93359
183.77098, +33.19728
187.65154, +41.64363
191.27489, +3.05571
169.01950, -76.21632
189.98309, +10.17610
170.27855, +3.23482
194.83864, -15.04217
154.52351, +21.83194
181.39246, +50.53903
147.59264, +72.27865
193.07318, +11.31366
225.29694, +1.70197
204.16269, -33.96588
133.38644, +51.31358
188.58463, +8.19776
200.30356, -43.70469
60.11570, +68.57774
161.92667, +13.98564
181.76303, +43.06539
226.35944, +2.09932
154.57077, +41.42438
180.36205, +61.89570
81.69839, -63.76002
185.63350, +29.89532
17.36280, +35.71796
179.85495, +50.96169
208.36134, +40.28308
192.41232, +15.16549
101.92880, -26.75436
192.09550, +8.48730
27.23879, +5.90598
160.87979, +24.92222
178.30719, +60.67556
188.61304, +2.18788
315.88995, +29.89740
183.96208, +47.09179
210.91154, -33.97839
60.97617, -43.34885
56.32115, +76.63830
62.10057, -47.89704
113.08536, +85.70886
162.72208, +13.41214
171.18182, +38.76278
67.70494, +64.84792
189.22249, +7.24663
181.59631, +52.71095
56.13298, -44.64483
304.57977, -70.85881
263.10126, +7.06027
186.73515, +15.04742
184.53465, +28.17532
194.18013, -50.34687
155.87753, +19.86495
202.45346, -17.96649
186.23096, +11.70427
177.31404, +56.08435
116.89188, -41.45214
198.84987, -16.38553
13.01798, +47.55051
187.24588, +3.57060
185.99094, +16.69335
330.66592, -20.81282
94.76109, +3.16428
124.69003, -25.49952
187.06429, +28.62030
38.55573, +29.31127
180.79036, +44.53126
50.68454, -37.10379
138.46037, -69.64500
182.40031, +42.53419
204.51266, -17.88403
189.35431, +74.19189
85.51990, +69.37838
215.26534, +3.27099
113.48438, -50.44302
189.99742, +61.60919
184.93866, +12.79833
149.60246, -26.92660
61.01133, -54.10006
49.96339, -26.06059
156.82657, +28.50740
173.14558, +53.06783
183.21712, +1.29968
32.08808, +10.99492
8.30050, +48.50874
105.66829, -28.69725
188.99037, +27.95976
188.02586, +11.17643
49.56686, -66.49826
169.60532, +58.78622
326.06717, -75.11132
199.72836, -21.03910
189.11247, +11.43929
194.86308, +14.17105
177.15913, +48.71082
300.86264, -55.94717
64.39906, -62.78367
145.64680, +58.85121
185.08968, +5.38640
332.11414, +48.44078
161.79169, +72.83967
172.53107, +9.27663
14.45378, +30.35236
111.76688, +80.17807
173.33823, +47.02909
169.65051, +57.99997
339.35223, +23.79833
154.60374, +21.89397
162.81761, +27.97500
124.74310, +57.80309
181.53584, +49.58231
178.20605, +44.12073
187.26254, +13.18385
45.89479, +46.38635
350.06049, +8.20626
190.92764, +16.39338
66.90880, -55.02779
141.07729, +34.51338
184.37358, +37.80711
119.56254, -49.85141
49.18761, +80.79332
142.11032, -60.80177
350.17722, +8.21700
95.23224, -8.49562
288.81738, -54.13249
67.91609, -5.08612
91.42652, -86.63202
95.46039, +0.36621
186.44508, +12.66207
192.53069, +72.87448
189.91455, -5.34421
169.24567, +18.14860
229.65219, -24.06859
11.78564, -20.76040
214.60713, +36.49362
150.05891, -19.63644
224.85045, -16.62399
157.61037, -35.35950
131.77258, -33.76406
58.00346, -83.83068
330.17181, +17.73807
213.31209, -3.20756
295.91959, +56.10946
194.53265, -46.26424
234.66582, +59.35588
209.05002, +5.01446
186.71091, +9.58418
191.13326, +11.19052
57.56205, +70.09470
190.30534, +10.15575
281.82559, -63.33116
40.81271, +32.42497
185.86642, +46.99382
190.69762, +11.44247
170.01582, +18.35681
248.80881, -58.08003
219.79607, +5.36355
243.94202, -60.91871
56.26214, -18.26604
203.16920, -77.84463
199.42786, -32.10170
211.66864, -55.35730
193.47064, -39.71432
182.37411, +43.68529
274.94339, +74.56837
243.76605, -60.90725
199.88187, -12.65701
101.94249, +74.48183
139.65295, -38.01009
229.18007, +55.40926
183.91322, +36.32689
176.52693, -56.39111
186.48178, +18.21393
281.82846, +45.55064
150.62094, -31.67741
214.61380, -43.38826
338.94263, -26.05025
67.68935, +0.86368
35.50419, +33.26607
166.95212, -46.52607
346.23605, +12.32289
184.67932, +65.89808
63.11806, +27.70187
348.68277, +4.53393
252.77838, -58.99346
253.47231, -58.77807
43.61413, +41.57961
165.09978, +28.97482
331.47839, -50.11933
275.57285, -85.40205
213.97789, -48.11485
234.90454, +59.33195
217.41827, +3.23339
142.49353, -62.18325
165.79671, +27.97250
49.95098, +41.51168
345.24982, +30.14478
29.08735, +5.62887
348.98959, +6.68752
193.65741, +46.53115
124.69157, -25.36976
183.91402, +13.90151
230.48567, +5.07054
304.23535, -70.76825
341.84232, -65.05849
170.26227, +53.16943
272.96347, +14.98177
357.85367, +20.11182
65.86292, +75.29557
267.95337, +23.07194
187.57260, +12.32854
195.24887, -14.51363
0.99545, +20.75235
184.87743, +14.87769
53.01423, +68.36839
206.75168, +60.97308
333.91455, +37.29871
94.09206, -21.37272
288.46808, -56.30996
185.89709, +16.72226
234.10945, -66.85975
42.33170, +8.09264
192.95015, -10.45473
39.84861, +1.09379
145.72600, +31.84726
20.91642, +33.25613
109.16273, -35.37344
218.87370, +48.74154
211.18013, +54.89262
30.06218, +31.42939
191.82291, -2.72749
193.37155, +2.16833
209.06944, +47.23562
132.34122, +19.07496
17.74534, +33.15200
29.08016, +73.28278
21.50248, -1.34514
224.69260, -19.26686
171.93314, +17.22410
228.55595, -46.80920
133.89479, +58.73441
204.98344, -31.64018
185.07399, +75.37090
312.17746, -37.99743
130.90872, +50.20554
257.60373, +72.30438
184.29126, +7.19163
220.04803, -0.28921
164.85846, -66.33280
173.98877, +70.53558
349.50558, -4.65031
61.26641, +70.99652
189.37729, +9.55510
358.82928, +5.91582
212.87242, -5.04362
195.98743, -11.49658
102.15536, -64.27332
46.37880, +42.83542
193.35808, -41.20284
243.95898, -60.80305
21.14613, +3.79241
327.69427, -70.33414
276.97348, -71.60987
47.18517, +65.66212
185.77576, +5.25041
67.66637, +0.66168
356.08807, +9.93409
216.63867, +56.58264
172.13052, +58.56161
278.65277, +22.90966
102.53611, +60.84575
86.69774, -16.78266
254.76230, -60.21602
319.58975, -63.76067
36.82047, +33.57888
158.78433, -43.69184
27.82320, +22.35797
165.85577, +18.13539
186.11812, +75.52891
74.49630, +68.32352
16.85396, +32.41256
195.25330, -32.44135
193.36386, -48.74919
218.50519, -78.38750
7.31275, +2.86405
198.74739, -16.59031
231.89603, -64.17095
159.23349, +21.88213
107.08556, +18.78025
202.86783, -34.79443
119.21788, +60.34938
339.44534, +23.78669
176.45442, +13.76670
95.38657, +59.12668
152.21068, -67.03085
68.76662, +73.26243
333.90833, -45.85007
198.49191, -49.47871
319.63770, +26.44691
179.03102, -19.89618
186.32538, +4.92506
316.28058, +66.77304
152.71733, -66.64742
197.20309, -6.77754
198.58429, -46.12486
216.03163, +34.85887
185.89561, +6.08174
190.15353, -5.13301
166.69789, +72.56853
29.38636, +33.20928
177.20985, +59.41562
289.59448, -60.50109
39.63658, -6.67755
114.11740, -47.63555
108.57268, +84.38227
237.85513, +62.31003
208.14957, +0.81835
170.42955, +20.16957
228.76353, +42.04987
59.90612, -67.63477
311.14056, -68.74773
54.45708, +72.57133
190.38647, +7.31482
234.98912, +58.07939
163.22357, -32.92762
224.73444, -42.01337
356.06552, +10.76709
179.87570, -19.26522
110.92501, -29.65234
74.92458, -7.75518
21.38085, +1.75903
28.19365, +36.15182
42.07262, +50.80029
276.03152, +73.18324
242.49454, +0.70929
271.49683, +18.58724
39.58149, +2.11925
152.54112, -12.43377
304.90973, +66.72832
79.89718, -77.72868
134.24686, +51.34739
100.72079, -23.47599
252.17039, -62.60599
248.08734, +19.82655
178.42393, +47.85876
307.12024, +25.72341
169.83998, +57.75774
185.52344, +9.04357
209.02632, +59.74199
248.71898, -60.61881
45.42646, +35.20563
56.20813, -21.92057
130.66588, +14.28554
155.86255, +19.89844
173.45557, +53.12550
193.27370, -9.20399
27.35358, +21.99730
46.54964, -9.54141
188.87752, +12.22092
56.34296, -18.63363
300.17673, +66.22752
34.49852, +14.54404
142.39415, +62.49060
299.31253, +5.89040
55.70461, -22.10837
308.20926, +9.92643
12.44917, +32.27771
197.39482, -51.96857
126.04198, -18.77556
195.17894, +37.31528
159.64003, -7.17073
300.20984, -38.57505
101.82238, +33.56719
282.99780, +11.87610
266.24036, -60.73981
3.87870, +17.32841
227.38982, +3.05274
209.27075, +41.84600
21.14082, +1.73118
354.08551, +75.64813
145.22466, +5.16585
187.47310, +14.06863
62.07887, -21.05196
245.47890, -60.66915
138.90179, -63.06964
330.74188, +41.05899
335.61450, +36.20983
181.04663, +18.44345
101.80820, +74.23653
159.26054, -27.56502
250.42458, -69.37215
49.83872, +41.49064
94.11669, -21.37585
109.13010, -29.32471
248.18118, -57.85265
205.12874, -51.07089
248.16333, +78.19817
202.18372, -48.91681
141.42722, +11.43216
20.02790, +3.41527
154.23134, -48.88107
40.84277, +4.96842
182.13472, +68.76762
152.55388, -67.00507
20.79780, +33.46012
26.81729, +35.56329
192.51947, -14.73343
18.05886, -58.24798
39.79984, +10.84682
227.45599, +0.47004
138.42996, +76.47530
356.77011, +29.48344
177.28937, +27.02206
300.69687, -56.09030
38.58377, +32.50561
133.37427, -59.21711
139.94527, +33.74979
178.98869, +6.74938
48.38349, -25.72518
196.60887, -40.41460
140.60388, -61.04953
33.86517, +6.00262
60.70106, +1.96573
205.53491, +35.65427
28.30543, +4.19584
94.84039, +76.81168
27.55840, +27.64567
2.26786, +27.72941
133.42607, +73.49095
190.71846, +13.25723
43.42226, +13.01415
64.90806, +2.40993
210.17517, +55.16446
120.60277, +9.41358
286.76575, +29.00647
304.32202, -52.79675
186.31143, +15.60747
344.01190, +36.36136
354.70270, -6.51786
54.05647, +67.56464
137.02582, +78.08516
334.58542, +13.62373
316.94724, +16.33587
48.05966, -10.48112
197.51846, -46.43734
306.11725, -43.65353
124.47288, +23.47214
91.14261, +57.62774
226.94881, +2.56858
186.30133, +14.76220
228.71930, -63.80566
141.80243, -11.64345
305.80768, -27.71457
194.40054, -49.75121
280.08255, +24.19997
67.98782, +59.42981
170.07079, +2.96417
47.22961, +70.56324
234.62489, +12.18660
202.26506, -41.99623
345.27716, +16.38841
106.42512, +50.58106
89.36231, +11.94919
131.81593, +72.98563
62.25779, -45.51754
165.31738, +3.62801
168.77588, +14.78708
190.43497, +74.42094
120.09856, +39.83041
247.87682, -58.09985
214.03218, +35.34376
144.46359, -62.15109
21.32225, +9.26411
179.57098, +28.19250
36.45925, +18.49900
26.23375, +10.42302
157.22308, -31.60894
214.54398, -48.01007
351.34061, +28.49523
110.53925, -29.23554
2.47255, +25.92379
188.90822, +12.26399
238.57980, +0.54303
210.85060, +35.13207
192.73848, -14.33295
343.94064, -42.64202
175.32771, +36.54674
323.88620, +35.39834
350.12555, +17.22556
155.93314, +12.56781
107.63564, +75.32665
196.37244, -43.59113
40.95794, +32.47489
333.95779, +19.23237
338.52823, +5.57034
193.89873, -26.82507
207.71127, +39.57488
58.26801, +35.59195
52.88081, -51.90483
16.75928, -80.30775
330.67325, -51.29659
236.56822, +2.41547
155.58336, +21.56959
334.21039, +41.50283
26.97718, +27.43278
348.81702, +18.96140
330.53082, -51.74309
56.24358, +45.96748
202.54749, +46.67079
318.78131, -47.22049
317.83371, -64.02533
345.81531, +8.87369
93.90173, +71.03753
185.43280, +75.32259
145.51385, +0.33647
138.35303, +79.18732
38.85361, +40.86972
138.52133, +40.11375
186.97319, +12.29323
287.85733, -50.64219
28.30249, -49.56035
28.79253, +35.28189
195.10974, -15.28345
107.79503, +50.17469
19.93688, +3.40995
210.75429, +34.75785
40.87518, +37.34126
357.76654, +20.15041
132.73344, -34.53757
136.33885, +18.31311
353.91412, +15.30205
188.52527, +11.32126
201.84909, -57.48951
206.59872, +43.87204
212.48880, +17.54548
163.04755, +32.95042
218.11345, +49.90471
200.16679, -43.69995
245.33293, -60.78296
101.46997, -18.21080
192.94284, -41.13225
158.23105, +28.51173
74.85788, -10.98071
120.40511, +15.70983
42.12881, +50.75453
246.45941, -60.75260
196.02194, -41.41159
219.42113, +2.29098
27.67384, +21.75992
39.20672, +33.32726
186.15082, +39.38300
185.91252, +7.05398
8.00903, -64.25338
50.73037, +37.03329
182.64023, +30.40153
82.95470, -67.35941
349.94675, +42.85263
129.06326, -26.40940
132.01909, +74.09887
276.26288, +27.53531
191.84074, -41.23751
344.73041, +40.93226
334.21899, +40.50461
5.29520, +22.35719
330.51331, -31.97369
96.48119, +64.74065
159.09315, -27.43814
114.15630, +17.88391
187.74059, +12.27046
32.53988, +39.19037
255.20972, +23.01099
55.93983, +68.30132
281.15988, -73.26342
243.88704, -60.66530
350.52744, +40.84543
217.13226, +27.40903
215.17967, +39.69359
74.48602, -0.12578
179.37569, -73.68451
299.05359, +40.43397
218.71826, +54.47573
110.91078, -30.05111
118.99615, +85.15891
60.25425, +74.08385
177.68953, +51.82421
285.48593, -53.86309
27.44705, +21.97085
150.48026, +72.17030
44.15184, +43.04737
179.33716, +25.19538
345.01495, +15.98034
279.67908, -62.94302
44.73333, -12.39859
192.06282, +10.98362
162.94299, +32.90068
95.64437, +51.90953
279.16528, +19.72928
36.97787, +20.33258
179.78966, -53.40902
220.04518, -44.31459
164.75076, -28.47698
125.68109, +22.55306
183.97717, +6.40111
213.00299, -46.08872
8.56459, -31.78600
44.54294, +3.36194
157.33301, +29.49144
220.62030, +41.84231
47.10933, +4.11083
184.95602, +5.46340
69.00434, +19.95034
207.29755, -7.22433
284.11600, -54.21395
279.64114, +25.37513
291.32977, -63.86016
90.96842, -69.57745
338.09918, -14.12052
143.33961, -33.03351
191.66611, +54.53419
226.50325, +1.63381
248.13274, +82.53791
182.04623, +2.87832
38.50008, +20.97677
279.15536, +19.92151
110.59394, +22.08328
19.79220, +3.30083
73.21729, -59.74226
193.95395, +4.30412
193.08165, -41.06002
40.70123, +28.57421
12.00621, +27.62386
183.26271, +7.03881
150.56950, +24.71111
139.34564, +41.99971
253.24535, +2.40102
95.41145, -59.73991
214.01877, -52.60871
58.39260, -66.01806
274.73141, +23.65561
148.42035, +1.57965
58.38296, +32.49280
352.14624, +32.41573
29.17029, +33.04351
183.07834, +29.17931
62.99718, -32.85081
235.09691, -63.32679
85.23830, -82.11940
162.09776, -25.16204
33.05132, +44.56840
252.92665, -2.61519
71.62399, +18.46091
192.58022, -13.32434
187.18982, +44.86422
269.01553, +18.37301
309.14096, +11.49471
336.61490, +16.14821
17.86522, -38.08347
88.72334, +46.43934
38.69572, +32.84621
193.21925, -15.41330
185.08655, +29.31088
19.89470, -58.52430
143.02599, +8.44186
273.46207, +18.82528
30.27688, -6.81585
244.08136, -61.29609
290.23920, +43.13249
126.78362, +25.97034
142.37601, +7.71882
224.66591, +53.88609
119.30725, +23.76772
181.34456, +50.35279
185.75795, +58.44464
240.89825, -60.15027
278.60318, -58.49662
49.97563, +41.56340
55.48924, -4.70486
101.59170, -26.10872
242.90390, -61.08137
192.77826, +10.91208
74.83596, -7.85896
140.51875, +71.84400
227.20476, -11.20784
290.37863, +61.14489
167.64497, -49.10261
21.41789, +34.71297
269.02380, +33.20840
75.18213, +62.24403
250.76794, +61.57890
261.79810, +11.54360
280.16721, +36.28964
263.88681, +60.81340
298.59802, -58.71356
29.45973, +36.34310
64.10223, -60.20682
13.78131, +31.54228
184.98358, +5.34335
27.43241, +35.78563
344.84540, +53.74006
233.63496, +15.19382
243.17395, -59.24279
292.48444, +72.11282
45.91000, -15.61349
246.34970, -62.63799
299.20499, +40.41113
288.38190, -47.06146
344.48972, +26.15000
147.73804, +33.55353
244.79811, +57.98415
268.99911, +18.33826
234.34344, -16.59577
238.59641, -61.34001
280.79782, +18.72762
74.86555, -11.12295
119.62518, -14.35427
320.28177, +23.08496
264.88159, -85.31042
308.77884, +64.80280
155.29276, -46.01300
174.58920, -50.71536
111.80984, +85.75455
250.51299, -5.03264
37.70269, +37.13677
107.05820, +46.11585
170.99277, +38.56237
193.00214, -41.14692
217.54340, +31.21550
112.05420, +58.50670
209.96175, +38.18245
339.23407, +38.54806
44.42320, +6.02693
352.26590, +11.44516
184.35947, +70.80257
38.53295, +32.94725
328.11017, -81.53082
108.30081, +12.26608
21.67731, +2.02235
281.73990, +45.70566
107.91849, -26.70506
271.09396, +7.28035
73.65974, +3.26797
269.87839, -63.66873
186.79828, +9.42055
124.48503, +0.74569
71.03761, +28.21681
27.76600, -9.70262
335.76752, -79.99696
134.87695, +44.91398
260.92096, -65.01024
77.94227, +5.20061
172.04588, +25.66110
250.76562, +36.83241
335.80014, +40.05562
274.92859, +23.70956
47.77229, +35.38682
223.31261, +3.95973
46.13481, +42.33931
101.51486, +29.34813
54.66073, -18.42797
304.87347, -70.85986
65.53724, -43.62957
82.85757, +67.73055
10.36676, +25.49937
4.43965, +11.45033
279.35901, +26.41720
42.66879, +41.67149
187.74892, +8.07794
240.95560, -60.97781
274.63947, +13.26502
305.88785, +58.34405
118.51998, +74.38624
310.97379, +12.51192
327.74268, -71.41329
9.21500, +23.99092
26.06091, +28.70592
49.18333, +65.02867
186.90285, +8.15434
226.36450, +1.63471
118.58653, +4.45970
116.05669, +31.65121
197.57387, -75.49657
198.16614, +12.59975
247.15945, +39.55135
9.82677, +3.03746
198.51341, -16.12312
15.15170, +30.66898
270.46530, +6.96825
190.67067, +14.29585
144.63959, -61.73849
153.08278, -47.29475
182.50635, +39.88386
186.39626, +45.68466
333.13147, +38.68277
352.11624, +22.42120
15.46144, -6.79981
306.91205, -47.02702
27.62853, +6.14521
35.83488, +41.95141
313.00681, -69.19331
123.31101, +45.98979
277.41141, +39.86514
143.63167, -20.92035
241.92058, -60.67034
155.45415, +74.17687
83.20146, -14.06280
27.63849, +36.37081
23.76930, -41.43620
144.12619, -62.09931
336.04617, +36.12587
9.82741, +3.33130
35.80408, +42.98782
53.57664, +39.35676
222.28532, -20.37603
36.36157, +41.82429
245.25694, -36.14211
352.22870, +17.30963
21.59075, +34.70303
217.06816, +25.84878
241.46660, +21.48496
17.15397, +39.64431
339.33075, +34.44790
165.40979, -70.95306
37.06029, +31.31151
70.40211, -1.80902
74.82244, -11.11866
216.05516, -16.72300
48.03888, +67.40597
280.80191, +60.65333
229.04144, -44.01487
295.42551, +50.63249
132.10577, +73.96716
351.83057, +12.46740
5.34335, +22.43362
138.66339, -60.43414
198.10977, -15.79786
275.59128, +23.47855
16.82331, +32.48288
190.23984, +11.91212
202.32982, +17.05172
21.19116, +9.99452
138.89549, -35.64804
146.91730, -30.94887
276.90463, +14.81906
349.90250, +8.06324
102.21162, -64.33553
113.54065, +31.40585
285.37787, -57.53204
6.49886, +29.21207
175.05627, +15.34236
197.46536, -16.51571
264.38916, +11.12173
282.64227, +26.83838
208.54880, -7.58813
38.67966, +23.41306
310.87527, +80.15600
273.92914, +24.91243
268.17429, +29.83867
149.52888, +10.35979
176.80133, +89.09319
94.27003, -27.38858
194.54327, -22.87601
38.16598, +28.06994
45.40020, -14.83660
201.00720, -32.34394
138.37563, -60.78953
17.30898, +32.75214
353.61453, -36.10108
131.02464, +49.79391
326.81720, +72.47214
350.76373, -67.65372
93.62344, +80.44989
164.00610, +57.11697
320.80804, -45.77311
24.66347, -42.52752
37.04644, +19.59912
223.56857, +42.55784
46.43062, +36.78617
43.93422, -14.20778
176.05730, +57.94818
263.16571, +16.40177
27.30857, +13.05531
219.39697, -54.07935
37.12513, +51.44643
87.82441, +79.69619
27.71341, +36.27577
76.64865, +75.59538
282.87448, +26.48375
349.73605, +0.24384
37.36459, +31.64093
39.07589, +11.64207
277.66580, +67.98701
83.85654, -17.81529
86.44950, +58.70107
123.75037, +73.57896
174.93578, +31.93128
248.04597, -28.09203
20.44914, +17.59242
224.85329, -16.69347
320.63080, -36.68155
308.08020, +11.36730
23.42051, +44.92869
74.06179, +30.05223
232.00279, +64.76316
29.60963, +71.11890
113.13213, -84.07233
43.21276, +42.20544
110.80168, +58.06479
112.24871, -66.89830
217.13045, -37.58375
102.77623, +12.92204
5.38207, -48.62473
171.79659, +17.03028
188.71193, +15.55148
347.26422, +18.17720
174.34911, +61.75936
16.92752, -46.90759
32.41074, +35.79723
39.81229, +30.15167
338.99130, +33.96563
72.90347, +67.21676
345.36932, +1.75340
63.41165, +25.48292
108.11954, +47.16677
181.47295, -29.29208
332.73624, -46.08147
193.57919, +27.06806
68.20453, +71.88311
157.45244, -35.32238
288.51614, -56.61071
354.62241, +27.03137
153.04941, -62.53339
16.81536, +32.52035
74.84537, -11.13232
349.97684, +43.95771
168.24449, +72.87931
345.03687, -12.80789
243.48415, -61.01143
128.04713, +22.56058
171.92165, +66.58981
217.30617, +30.02641
294.46509, +41.00938
274.42117, +22.23845
108.88461, +64.92622
187.23976, +13.24192
208.36543, +37.91504
54.84105, -22.72470
126.20948, +73.41203
182.20816, +74.90430
46.88714, +42.38755
27.22273, +10.52162
107.28328, +48.61554
171.61084, +57.04832
49.74217, +41.47009
174.92708, +31.90941
155.16005, +25.50500
192.94110, -26.09018
20.73061, +33.17392
49.19466, +40.00364
230.29836, -23.65841
359.85626, +20.74985
305.89130, +6.44366
319.23038, -42.26001
348.93527, -2.38150
29.42582, +35.91612
348.20273, +12.67931
192.90686, -26.11741
359.81589, +46.88923
0.40968, +23.48363
31.23192, +28.98743
298.03650, -30.82527
29.23754, +40.34139
32.82233, +37.49717
95.59194, -64.93407
308.23312, +54.50876
123.55893, +21.35550
44.92850, +25.24116
39.31034, +7.30563
162.92751, +43.71262
21.43460, -1.37948
62.19194, -62.79759
193.40002, -8.63875
291.01321, +53.62478
132.59186, +73.46309
143.22049, +67.61740
182.96864, +24.12366
344.45630, -65.03855
28.28516, +36.81985
46.54128, +42.37193
265.63327, +0.21680
124.95132, +22.03143
357.74408, +27.14740
107.39245, +50.18225
109.01704, +64.71144
194.43719, -29.76635
281.31232, +25.51258
103.89884, +39.76460
198.95216, -16.51890
205.05341, -51.14226
266.78830, -64.63870
327.05432, +22.15958
277.24890, +6.80764
318.44110, +13.57491
128.97313, +0.70719
168.86230, +18.11036
238.93034, +47.86729
244.29504, -58.31253
27.17498, -48.64849
107.04591, +50.68193
112.02640, -62.36312
214.49808, +25.13685
71.09803, -8.53119
235.37668, +15.78767
39.11595, +38.96907
131.32123, +85.74001
190.60526, -6.97100
32.18549, +38.77721
113.26947, +65.07912
31.51678, +29.79301
157.27661, -35.59520
79.16167, -37.10252
100.13566, +50.10551
116.03802, +29.24743
324.16394, +35.69472
8.90174, +9.12424
39.16151, -54.85978
161.16405, +76.80944
248.82985, -58.21879
209.23616, +37.61036
295.74484, +45.29819
26.85355, +27.88576
43.79618, +51.90716
71.11874, +75.63974
163.83778, +7.69675
169.86806, -52.37164
14.17354, -52.97591
280.43097, -63.94819
153.36484, -38.19612
223.45631, +83.59052
241.10439, -60.73744
298.51028, +49.93785
265.68225, -61.69427
128.82230, +28.47346
88.85545, +51.91061
175.28212, +24.82170
262.34113, +16.20675
85.46301, -64.30113
192.79988, +71.63671
254.49208, +27.85439
358.36163, +7.87566
194.93904, -22.17540
72.39178, +0.25285
220.12140, -35.12341
275.82443, -43.14253
37.79076, +29.58875
111.33717, +19.17743
36.69511, +20.49749
168.85643, +47.44712
86.82591, +56.11235
197.66054, -41.55994
271.29175, +25.23262
71.29810, -15.87002
158.68657, -1.96907
243.60335, -0.20754
64.75819, +26.82750
101.42131, +71.34383
5.55640, +10.49159
229.04518, +10.50968
351.45276, +27.02989
9.01692, +23.95789
278.48187, +22.88828
198.39072, -43.52602
202.06268, +32.03240
228.79240, -14.61693
355.00342, +27.13372
60.52832, +23.13291
215.95642, +14.63872
66.14594, +33.87508
3.66711, +18.58203
161.76689, +17.27370
129.35638, +78.02641
166.41205, -9.92385
192.55115, -41.51490
195.82597, -30.52103
317.40378, +66.16994
100.77509, -74.23625
301.70795, -56.38993
42.22079, +53.03735
109.82761, +51.29240
34.68864, -6.63909
186.62328, +9.01927
170.63127, +39.87692
217.45454, -29.74849
143.68149, -21.92779
192.98067, +12.08297
342.50891, +11.69867
1.58297, -41.49992
208.57913, -26.87352
214.29195, -55.54429
149.19965, -65.62592
349.93417, +8.57639
2.38623, +33.30867
198.75888, -15.95180
268.71149, +18.32686
246.64861, -63.19617
46.62952, -66.77562
350.12491, +8.39573
96.73183, +59.08008
22.73025, +17.18855
212.14992, -53.35281
65.28647, -48.25478
80.68845, -70.17442
106.08459, +64.02029
108.13625, +71.75053
211.67184, +50.72329
329.10062, +73.26091
38.52593, +34.47995
297.33493, +4.15388
322.50809, +26.71788
190.54456, +7.67695
200.12535, +43.08397
3.64543, +48.25550
42.75365, +46.95485
179.52409, -2.12011
184.73404, +4.78598
30.04792, +38.02135
243.04814, -60.78331
346.85483, +32.37505
183.19354, +10.86597
353.26068, -51.69835
309.75259, -4.97259
230.39978, -12.09341
279.47345, -57.61108
3.25313, +30.91529
259.47079, +61.78077
100.92432, +65.20629
134.05128, -2.56345
190.30168, +11.88664
117.82808, +50.23551
181.19325, -53.17467
281.82523, -63.35941
240.05106, -66.38329
15.23092, +47.68198
47.06454, +38.38216
65.06741, -45.03146
345.50400, +15.96485
50.41649, +41.36056
71.83669, -10.23808
119.50181, +52.86175
285.28174, -45.31373
90.65813, +65.37121
169.37569, +4.55548
6.37474, +45.92171
122.75665, +5.08734
192.82744, -14.57360
288.64456, -46.59595
150.96620, -27.57087
214.61072, -27.37885
84.90458, +77.31248
119.18828, +39.92783
220.52867, -9.00944
102.54420, -11.25361
179.64920, +16.17730
114.52294, -55.19078
191.81454, -10.06344
307.07779, +10.75578
303.39957, +7.28173
175.31702, +59.88583
248.96205, -61.46674
38.84450, +12.83771
77.63174, +63.16546
111.14905, +57.96756
145.59200, -41.81581
184.14035, +33.52203
237.21458, -67.32348
53.58110, +39.54567
60.93328, +22.15909
119.20275, +7.47797
20.47458, +9.20654
137.25398, +53.84951
203.60515, +34.69042
246.29305, +40.89281
340.22708, +75.16470
2.58326, -46.41942
49.70755, -1.97333
103.05146, +74.42698
188.58052, +6.46770
256.91855, +60.75084
341.40182, -65.12183
27.96053, +6.29688
148.63722, -6.85757
138.10159, +35.02748
244.50717, -63.20216
75.90427, +1.57334
287.06821, +50.93314
64.35535, +2.37109
37.13964, +20.28368
150.82765, -64.96745
112.57689, -31.59902
279.36032, +40.05774
142.72467, -35.68843
218.10745, +8.07849
311.01324, +3.20944
329.48032, -28.80409
233.98752, +43.49318
237.80354, +47.25489
18.46357, -31.78835
159.43875, -26.63073
232.73450, +82.45585
16.70964, +75.60033
164.55244, -50.44335
50.51200, +40.86390
194.78708, +37.31033
175.54620, +10.27775
241.89655, -59.85992
20.48261, +50.04747
30.93678, +38.25871
112.22262, +33.81905
137.19089, -38.60788
315.93665, -49.02975
350.79898, +43.95892
5.62501, +29.74535
70.71504, +18.55457
179.39828, +55.45878
265.91080, +25.49391
341.14352, +3.64640
30.62220, +18.37299
38.60741, +32.95444
330.96701, +35.99061
107.92250, +49.86194
19.97945, +16.54469
75.52087, -69.56828
187.33881, +8.15659
214.99689, -4.45125
163.66704, -21.06655
19.06179, +31.03383
74.60068, -62.02840
39.82039, +40.87229
39.90226, +10.79334
228.84715, +55.51716
21.01626, +12.91738
21.38994, +33.67136
220.74113, +4.89012
316.12140, +16.08277
55.63604, -4.29864
186.09038, +9.29276
12.00629, +8.29709
66.67387, +20.40783
83.30374, -36.39882
348.62265, +23.68484
1.12828, +5.20028
49.68716, +41.46772
246.53967, -61.66198
104.07301, +45.49280
212.51837, +17.73379
334.76526, -20.93991
17.09773, +33.13361
87.38144, +17.68551
345.69373, -40.83526
28.37354, +36.22129
284.94659, +18.83039
325.86258, +43.55515
195.87387, -29.82876
47.71946, -10.74799
183.12947, +29.16856
66.99999, -47.91273
156.93930, +22.84715
48.82462, +42.69630
208.02455, -6.05830
241.23622, +23.93283
1.27599, +6.92011
58.30561, +60.33939
149.07999, +16.83122
184.92632, +5.53820
120.44131, +56.55337
192.63797, -9.45112
272.73953, +31.11620
48.83791, +41.35542
73.53001, +72.32381
159.79681, -46.14105
145.54784, +4.67313
74.04076, +2.15688
36.53204, +31.91233
124.81141, -25.18798
153.17175, +3.12932
98.19653, +63.67367
238.55807, +14.60124
107.32535, +20.63597
163.66350, +54.30523
245.76292, +37.92236
251.47766, -23.45170
40.80185, +41.50060
296.78149, +59.90708
270.44327, +19.72895
316.48016, -48.20711
144.55679, -63.48656
266.71390, +20.76114
0.95359, +7.47864
207.61778, -52.66076
37.01505, +28.17533
322.93185, -76.48132
93.69782, +66.56749
273.14041, +21.42614
72.89765, -2.62315
66.90295, +56.74500
99.05153, +82.96911
277.09952, +22.73690
332.65942, +42.02127
40.91916, +1.37587
113.75941, +32.82215
186.06053, +8.53585
113.33326, +59.62536
161.54320, +73.35307
331.68295, -31.16245
115.82693, +52.31850
0.00695, +47.27456
50.99356, +37.75566
292.78360, +54.10217
168.79863, +17.26269
272.12781, -52.06696
349.56784, +6.58579
68.40767, -13.26196
39.66614, +41.64753
105.63776, +50.59059
163.70262, +17.62119
5.51344, +22.40809
80.64731, -79.85181
204.32800, -49.74886
341.88730, +40.23880
194.21957, -41.81332
215.57845, +50.50139
336.70193, +35.51872
39.96083, +18.02427
64.80894, +3.34834
308.87021, +51.59096
349.18018, +33.99582
55.98701, +39.29515
77.22797, +75.42789
162.11636, +12.53316
18.04021, +32.12316
203.33200, -53.35470
299.44241, +52.87993
329.37143, +41.24889
332.80008, +38.92728
344.33139, -1.04901
24.78753, +48.28266
340.95541, +8.70548
220.12518, -53.08181
36.50204, +39.47092
170.68265, -7.67625
38.58335, +32.42944
279.47687, +17.53386
13.03729, -2.21844
51.73548, +68.58124
210.85356, -6.06910
47.32647, +42.97215
242.57120, -60.95897
211.87405, -27.01787
304.68195, -16.94600
174.26187, +58.41558
358.33197, +7.87093
253.46756, +39.76019
323.95056, +35.35113
117.16351, +54.61190
51.77112, +12.55238
72.36590, +63.92518
339.37204, +10.53157
9.49040, +8.63518
217.50557, +36.36092
70.72878, +0.61859
350.42401, +8.88692
343.38593, +68.68269
200.65425, -53.43337
327.02246, -50.56522
193.01332, -41.45991
29.69999, +24.89248
150.35802, +15.76999
327.39798, +15.79045
309.72702, -5.63990
174.31021, +17.83996
323.63947, -40.81863
144.72279, -4.84870
339.62277, +35.32798
28.24865, +12.70847
39.83004, +6.54393
44.35833, +10.47894
224.10022, +49.69609
152.82903, -17.20429
217.45752, +49.62263
68.40030, +13.52105
122.84615, +3.63307
224.03514, -37.64787
20.26224, +33.89845
18.90678, +33.06771
45.37682, +37.76599
63.38977, +27.54159
54.77882, -18.29228
66.10558, -0.74623
81.22723, -12.68880
78.12373, +51.28753
267.94577, +24.48347
353.88455, +5.21465
356.74310, +6.86180
50.34571, -2.31684
50.05051, +41.36700
158.09132, -22.30229
198.70514, -16.49260
258.17828, -24.59663
277.43649, -42.75325
291.37265, -57.67044
357.22791, -16.54115
23.77662, -36.49022
109.42078, +23.35674
17.04518, -46.09406
44.69870, -32.09921
107.27475, +61.59554
155.79858, -49.47079
7.74206, +10.20841
22.02502, +49.24130
188.13953, -68.53886
84.13493, +16.64138
83.03558, -7.91815
125.79701, +22.66460
306.86816, +8.09810
79.44781, +58.23957
111.41946, -30.40462
268.95184, +62.61216
279.60938, +17.19715
47.80645, +41.36371
274.59497, +21.29296
349.30652, +18.70816
74.58085, +0.74224
163.47858, +73.69035
250.21907, -60.39428
86.86368, +79.63587
152.74956, -45.15104
153.38156, +22.73756
45.59335, +51.96979
213.37546, -45.41359
9.55160, +2.72855
45.99578, +43.39831
119.65563, +8.02968
151.71620, +14.37357
316.29251, -47.78971
31.71457, +44.57291
40.27572, +8.73801
185.82187, +11.36798
230.38783, -13.09174
110.39252, +23.54878
349.34476, -4.72786
351.66565, +25.08014
209.56204, +6.25876
7.54462, +2.09344
9.74767, -9.00270
155.64366, +19.88705
262.40622, +75.70433
15.77957, -6.98835
46.47956, +41.59201
85.81379, -30.07839
252.83435, -59.23450
37.64031, +32.17624
43.96768, +9.31175
49.36339, +41.40513
244.69667, +7.41096
79.15474, +6.44801
112.70210, +73.70637
323.88470, -82.90216
338.60141, +50.44329
64.14293, +2.75907
322.06271, -37.86132
40.19609, +43.81793
125.67158, +4.26239
144.62148, -61.82962
284.68134, -63.13924
63.09446, +5.54698
190.56856, -40.64206
141.06676, +49.24911
242.31696, -60.53078
98.86206, +48.84401
141.88599, -60.77080
155.27304, -66.49207
187.15170, -43.26174
202.48247, -20.68464
72.38952, +69.47502
193.21039, -40.45166
207.06950, +68.08500
216.17831, -3.21216
306.54022, +1.15550
122.96880, -18.30034
200.49814, -54.61255
188.64484, +18.20261
200.35735, -16.30575
210.11063, -53.72514
20.12871, +50.14448
80.42296, +72.33145
103.26345, +23.13576
307.14609, +25.73334
2.84294, +6.38929
21.33645, +34.02512
59.82135, +6.68717
40.78017, +41.06442
48.13794, +39.31892
215.41005, +35.20491
24.57774, +35.36484
122.56330, +33.95655
189.29878, -72.59201
309.47873, +10.63133
56.91578, +39.34687
191.19606, -10.19784
214.24504, -75.64719
134.78366, +11.14915
148.03404, +29.23623
271.25259, +9.48107
10.90234, +30.58699
32.75539, +37.66628
314.31412, +25.96487
266.04160, -60.97846
267.15979, +51.15726
14.81317, +76.51294
27.90439, +8.25658
56.43248, +46.67354
104.65676, +45.21058
20.99226, -35.11512
32.23441, +7.97148
57.65080, +73.03143
43.92758, +75.15440
284.29013, -62.09093
314.45975, -43.37441
239.37575, +70.68913
244.21643, +53.00599
267.64624, -1.65170
4.18407, +7.07609
39.35619, +21.10080
249.22318, -61.02774
21.17354, -1.58707
244.33398, +34.90148
64.40614, +36.28584
129.58064, -73.54368
217.84377, -28.74962
281.93414, +23.34728
295.02570, -77.55817
40.64829, +34.76351
27.09361, +11.52154
269.85529, +6.28703
17.89981, +49.12111
64.66727, +2.56082
78.93105, +19.36299
94.00586, +75.93651
37.66044, +42.23221
277.87057, +16.12277
316.40576, +11.41417
9.62248, +29.51121
171.47058, -35.39457
358.30206, +28.28344
14.38637, +30.28076
20.99898, +33.90783
193.16255, -39.02828
269.81131, +45.88708
52.86472, +4.38088
316.68967, -44.81471
355.14020, +29.18817
68.17388, -43.71589
309.83707, +10.80570
63.50277, +36.84765
177.49716, +21.33367
208.04201, +2.32511
20.91908, +33.28066
165.00992, +14.84159
72.83232, +23.20801
37.30826, +23.08271
263.91626, -6.59937
14.02509, +24.12690
189.43245, -43.62113
69.07763, -2.83138
214.24667, -44.97734
112.06236, +63.25560
254.63075, +58.93626
332.89740, +25.86438
71.33176, +11.06796
114.23622, +35.24196
267.44357, +72.02114
68.13644, +16.63417
128.95212, +1.72169
168.51366, -14.08727
223.55211, +4.75020
246.52161, -60.52674
343.42020, +33.70914
283.84192, -53.81845
43.42170, +6.26562
43.45937, +12.84924
71.02666, -5.46571
110.64454, +71.59895
273.00513, +21.46349
317.96680, +11.27616
351.61526, -81.91158
279.60709, -57.49044
350.97510, +9.66749
352.07397, -67.82137
184.17549, +69.46257
36.03331, +47.96967
206.28618, +41.50335
48.53544, +42.74921
144.63196, -63.93346
44.99421, +36.82048
67.04025, +21.65534
53.03050, +47.79405
29.62519, +25.36011
34.42223, +12.47061
51.51290, +41.25229
1.81601, +27.70808
332.53818, +41.01727
61.44856, +25.40841
106.07666, +23.90177
350.22867, +25.89856
28.14459, +36.50089
69.08176, -65.14110
180.95441, +3.54821
185.36826, +6.65356
218.49641, +3.77801
25.61350, +26.14307
132.49312, +70.29944
187.84235, +57.96465
333.66635, -27.46398
52.58123, +41.57275
159.54475, -28.78333
294.34396, +40.70551
36.18507, +42.62300
269.31223, +12.17946
349.39056, +29.01940
178.78848, -18.92743
330.87891, +12.63677
250.36517, +57.78363
347.92075, -2.16004
263.58170, -60.87154
196.25104, -47.23690
24.20440, +35.51219
203.47702, +3.28359
275.66217, +15.69800
135.66101, +25.93451
216.01993, +33.04745
47.08304, -4.13838
75.67731, -61.14007
64.16567, +60.92450
136.23686, +59.93295
195.58815, -50.33404
276.41000, +22.32729
46.55516, +41.84894
171.53563, -54.23586
172.29889, +57.13221
207.04640, -30.45209
280.70621, -63.20842
329.00272, -1.51694
175.56293, -13.86695
265.98422, +36.80011
18.60389, -55.39709
195.53111, -33.12067
9.89532, +2.88744
70.28594, +73.67174
346.74561, +22.93647
175.23224, -44.48125
256.22079, +41.86550
331.56738, +47.25122
79.28770, -64.95984
87.38114, +17.64916
49.96454, +41.57352
335.55743, +36.38701
354.05881, +2.15502
19.01504, +4.29410
216.83525, -87.77224
113.65141, +18.28156
106.64500, +63.84890
241.62630, -61.42116
346.45120, +3.54511
239.31444, +5.99837
346.30676, +2.54943
320.53134, +18.66569
9.93445, +3.29959
22.99187, +33.47652
72.05269, -13.66707
77.93839, +67.48822
115.97200, +56.98690
9.60543, +3.16645
42.74857, +37.46664
158.69778, -28.49632
190.17964, -40.76337
231.48399, -30.27200
269.29434, +27.96138
59.95488, -84.09386
111.60977, -35.90602
338.88208, +34.80351
17.65235, +33.12649
71.79752, +66.05440
147.41354, -5.16659
307.58960, -1.00793
348.62225, +31.54894
101.82470, +33.59921
52.34954, +39.79221
274.14288, +25.04402
326.04074, +46.24611
346.52023, +34.10769
349.65936, +42.95801
17.26897, -45.77354
241.96950, -60.52016
29.67497, +8.34678
133.29636, +76.48607
144.50613, -20.34378
326.49362, +41.27195
334.06232, -27.40281
338.51682, +68.44167
61.91156, +3.96818
33.08247, +37.47732
147.15021, +33.42149
186.65039, +3.96465
242.25531, -59.79916
261.11386, +29.39016
354.78506, +32.08561
34.75455, +34.46239
153.19807, -27.83945
331.02823, +35.93848
263.52682, +25.34390
356.29251, +7.04213
280.42429, +34.84386
25.80908, +8.88936
20.28085, -26.72600
25.54023, +12.60189
32.13482, +6.32373
35.63065, +47.85003
79.04754, -0.14981
54.90453, +41.08361
115.63683, +49.80966
21.18252, +33.42960
293.64481, -61.14577
229.18536, +7.02164
231.39200, +18.27722
348.42407, +24.90234
128.69931, -57.64605
52.26675, +40.82402
74.33805, +78.18884
336.03842, +36.19981
67.90101, +17.44232
237.91183, -60.77467
264.41284, -59.94073
354.30896, +49.55693
145.94470, +74.85962
175.31931, +47.69078
254.52477, -21.27285
279.08578, +51.46648
178.45305, -5.16783
182.04544, -15.80346
211.25670, +53.66221
259.67618, +41.69427
110.57735, +49.29241
158.32338, +64.74940
2.19883, +33.43332
23.96775, +33.68189
80.49490, +3.48216
125.08275, +66.98197
75.65278, +86.22236
353.71420, +44.30398
29.97703, +23.64440
30.86639, +38.11693
31.92805, +45.62295
94.80547, +80.06847
206.09959, -52.36943
0.33319, +13.11126
291.63330, +50.12527
21.07348, +9.33095
148.61256, -6.95334
144.58147, -70.09127
346.04269, +20.07950
9.84576, +2.79792
67.09067, -47.81589
157.19963, -50.69925
213.97476, -52.01127
273.15424, +25.53679
94.25367, +81.13774
348.21606, +20.24842
353.12109, +23.93107
196.74854, -57.22469
52.39631, +40.86888
95.31475, -64.45884
1.16622, -8.10040
97.33590, +74.49269
115.24260, +55.42720
30.28945, +50.50708
137.07295, +21.44342
357.90305, -28.36505
89.60575, +68.46104
120.78271, +23.39186
140.43991, +64.25794
306.14920, +12.44374
92.49091, +79.92600
190.27451, +50.39344
316.16455, -12.33835
30.27756, +31.88247
341.19067, +33.46061
355.81061, +49.97948
53.68118, -19.02893
172.00243, +29.51103
309.59943, +6.99655
335.66925, +36.19454
122.20571, +57.76961
24.98763, -28.69667
117.53457, +55.38412
337.12302, +16.78324
349.26184, +30.33509
30.41666, +31.82650
193.10832, -40.70740
117.18536, +66.19736
61.11308, -2.18917
174.77501, -9.34818
45.08561, +5.71238
49.26862, -22.86664
80.26663, +4.00635
89.50854, -38.33455
121.69982, +5.30943
216.67612, -49.67245
250.28773, +61.32631
42.24515, +3.16868
337.83585, +39.35825
93.13245, +6.69674
45.30520, +44.95541
47.76295, +40.62212
139.63390, +74.31905
32.42808, -10.18383
106.00574, +29.24346
60.47356, +5.63945
36.42665, +41.95628
157.84633, -42.06061
170.91014, -13.83110
209.47906, -54.01997
165.63091, -53.64275
167.84346, -48.01995
77.54400, -0.71916
107.62830, +61.78633
211.54385, +9.35342
284.21268, +36.62397
258.56256, +43.68470
342.76205, +37.08793
0.57981, +12.97164
46.08512, +48.27012
143.19742, -5.72471
184.61043, +29.81289
193.05191, -13.41473
301.14383, +12.73945
346.71051, +28.17912
88.14782, +66.81986
4.59393, +30.07958
59.59150, -44.46652
85.02780, -40.83651
145.15160, +3.57699
21.11168, +33.79954
152.04196, +53.08348
251.80540, -0.27532
321.83948, -60.01460
39.71582, +27.84722
40.02631, +1.50879
72.62055, -3.52137
79.42760, -15.52339
110.71336, +22.58920
1.84908, +47.04074
139.63667, +73.75933
357.86145, +20.58624
182.32379, +29.92762
312.40192, +16.86558
224.08284, +49.40005
66.18732, -54.94201
86.63187, +69.05098
164.67871, -50.32483
193.71642, -10.24784
353.18121, +29.46074
47.32761, +80.13062
135.05981, +3.17771
48.21363, +4.70704
293.72928, -64.74067
341.26642, +33.99616
45.52787, +41.59358
67.28423, -53.82790
181.68581, +67.16320
233.73863, +23.50291
281.06418, +24.14250
119.51024, +56.35959
207.30804, +35.25743
267.62738, -1.80070
293.16406, +37.87427
333.28757, -64.84897
117.97809, +73.01569
190.09579, +3.11771
238.39699, -61.68288
30.96435, +25.92529
45.89666, -12.07631
1.83139, +32.60925
192.29820, +3.38871
2.17708, +37.44791
319.06042, -64.46468
28.16501, +36.17142
338.59894, +43.80894
2.94578, -5.58629
7.20913, +2.83886
42.06173, +4.57808
50.05449, -2.11413
351.98627, +8.77900
191.15744, -10.08312
194.84645, -27.42721
11.97512, +19.59684
120.47173, +50.73710
344.90683, +39.14587
124.77074, +70.72003
343.60632, +32.45170
46.47986, +4.85811
191.39453, +27.06076
95.61792, +66.57855
203.05820, +13.89234
208.50113, -7.93065
259.02197, +73.43590
304.18097, +7.39691
200.46172, -17.33648
258.76208, +43.66021
334.86545, +29.39581
355.97656, +26.07561
42.01818, +27.10310
72.09914, -59.80032
195.35211, +29.30844
139.64661, +52.51453
338.03357, -25.39779
350.09421, +27.31570
51.61489, +40.50790
74.32224, -75.42067
78.65040, -61.48150
300.75443, -55.94802
68.89095, +19.17171
317.09396, +17.82051
23.13885, +35.35857
47.16490, -3.38001
109.00822, +56.81801
244.31566, -11.73179
219.03859, +21.79350
156.61821, +20.22820
328.59610, +15.15683
311.89206, +0.41163
186.42838, +0.57264
39.42417, +1.97531
74.78917, +4.97514
136.91150, +66.57471
178.19347, +20.98932
248.32420, +35.34242
306.15176, +6.91118
2.49699, -57.02082
0.42471, +23.49588
3.62758, -7.16740
54.54153, +40.98308
116.72606, -38.30336
157.54439, -3.16363
201.12042, +14.09258
211.14308, -33.96075
235.18987, -62.21570
328.64014, +2.94303
44.28145, +17.51434
49.40204, -1.81876
41.73616, +48.19305
67.35031, +70.42446
30.93627, +16.03098
192.60051, -40.84406
177.77861, +55.07872
307.30258, -22.67170
39.52298, +41.78955
243.44157, -61.00819
259.10004, +6.55989
356.00848, +0.51672
42.34716, +17.66589
178.29007, -68.60887
21.16050, +33.47271
21.35279, +14.86465
45.97019, +9.61329
47.11653, +2.10857
54.81251, +14.46042
260.85492, +56.97454
181.19849, +10.59557
220.60191, -36.57241
288.77002, -50.65683
47.11024, +33.97210
54.79524, -22.38866
109.44357, +7.95353
342.75400, +31.37494
89.94888, +62.15801
192.64328, -9.46303
257.68155, +41.65107
311.95322, -9.99595
324.00015, -76.34574
52.50767, +41.83216
1.82000, +8.30163
140.45007, +40.15123
194.25221, -20.48093
258.31430, -25.04076
125.41808, +73.98836
180.69849, -53.83551
181.04813, +10.85440
194.05058, +27.74551
216.08644, +36.46140
49.26512, +41.63364
355.57214, +26.23175
34.46323, +32.39602
45.15324, +49.04397
234.94911, -34.91518
272.78040, +14.09309
31.15169, +47.93849
240.09988, +20.84914
296.14383, +52.86227
347.62418, +11.01228
252.82181, -25.90037
50.40194, +41.39280
62.43047, +37.00969
173.95497, +54.52357
298.18622, +48.68568
358.62387, +28.30892
65.94437, -51.59945
144.43390, +2.76093
271.95490, +17.60489
201.58214, +2.10076
210.73213, +9.42067
93.27197, +64.56132
125.20065, -8.91846
179.04353, +60.52499
120.54638, +56.94234
111.25694, +23.78322
238.98917, +5.93188
299.16565, +7.84440
300.70779, +49.31976
331.09341, +39.74374
95.14175, +27.97856
282.98395, +26.48823
151.50000, +58.81226
164.60498, +24.22638
261.86157, +58.51659
13.05061, +29.67696
41.93597, +9.35680
42.21583, +20.86261
244.15402, -61.04600
255.47153, -23.41138
281.51831, +32.27961
328.04861, +3.30120
30.03742, +12.65609
60.92862, +19.89495
152.53589, -38.13350
164.75748, -43.44046
33.90956, +35.52355
45.49931, +42.58493
47.72380, -2.55317
299.05533, -56.91088
300.58878, -20.22544
27.35725, +35.45290
55.43613, -18.26699
134.77391, +53.77169
212.02847, -9.07176
27.37444, +12.50905
106.50124, +50.51030
266.02228, +25.35071
350.36115, +8.21764
66.08755, -47.52652
68.09096, +33.21898
244.82143, -61.02052
287.45255, +41.57612
335.11310, -15.77354
336.32959, +42.71726
331.02771, +41.81934
38.34477, +9.60170
117.69278, +54.36222
238.29442, -74.82527
92.65135, +71.38614
198.59880, -46.11149
337.21286, -60.88206
152.25507, -40.31744
284.10010, +52.37762
311.04068, -10.72351
325.66104, +43.51580
335.62280, +37.10823
348.76443, +18.97340
80.44065, +6.68887
184.95496, +6.01498
43.68620, +41.52855
50.21587, +38.25396
73.96306, -29.88345
119.75410, +59.11691
146.70882, +22.01398
65.41695, +36.73172
229.85304, +20.89629
269.35495, +50.72807
276.09729, -34.18184
38.09975, +35.49465
54.66902, +9.97000
28.92594, +46.80191
173.09001, +0.80404
275.46408, +6.35891
39.63350, +41.52925
353.06696, +44.96968
30.43423, +8.49994
46.59151, +36.01456
113.73972, +85.53719
118.54443, +55.49531
288.17612, -53.87374
127.29559, +63.33786
300.24341, -47.07024
170.61134, -7.65282
268.71594, +34.77618
333.12552, +45.32848
296.98883, +59.89256
320.07285, -1.68432
23.86768, +33.65673
247.28716, -66.50219
0.25176, +6.24206
18.51892, +33.70419
30.22883, +38.21072
43.51139, +2.96210
58.07055, +36.23688
262.35529, -62.48060
44.60244, +6.59188
80.07756, -25.32449
172.97797, -9.72520
101.26472, +40.41429
131.98975, +72.89574
292.45273, +35.68195
33.82028, +18.31798
192.86151, -26.80802
60.64109, +71.70590
4.59825, +30.06325
92.21664, -65.73058
151.81451, -39.94666
215.30463, +3.43579
180.62299, -0.21241
277.23904, +22.90301
107.34612, +48.63552
213.71799, +25.31762
264.43280, -63.72966
353.69531, +16.07578
21.38111, +32.13626
41.60547, +3.60718
191.79762, +19.46440
204.99036, +0.83093
343.81122, +36.67177
25.60724, +35.63832
26.08590, +17.47758
108.59033, +5.08144
80.16989, +8.80868
153.50841, -35.13560
285.36929, -66.11019
308.07840, -19.73299
150.77866, -26.15957
273.11212, +25.42720
348.64380, +28.32704
75.82171, -63.75101
85.18212, +49.69486
270.02298, +26.36652
331.42038, +16.78524
339.11676, +21.62180
49.02620, +40.80456
55.46191, +8.15982
60.66372, +21.56091
150.54556, +72.12528
20.48458, +33.52097
332.95248, +38.69917
49.10891, +41.53042
273.23083, +68.36332
355.33121, +4.01747
312.49576, +9.89909
1.58159, +20.20294
66.45174, -67.81483
181.77185, -27.69632
247.59180, -61.54122
48.76583, +37.86007
104.35289, -24.72694
187.73805, +11.48355
335.43854, +36.35000
14.71300, +12.97282
214.00850, -53.71657
16.23409, -27.42935
50.86396, +8.91238
100.37720, +32.83233
104.83883, -25.89977
152.46429, +30.32078
49.43969, -10.28909
63.06490, +34.91637
357.29974, +30.98315
10.85730, -50.18283
16.86346, +32.31982
29.24079, -5.40286
61.66497, +37.11575
333.51257, -26.93773
35.67043, +28.25698
139.60875, -39.28682
158.30620, -7.46458
189.20305, -42.14087
200.41072, -16.27904
239.13760, -61.51276
195.37782, -30.86829
273.49838, +13.27589
303.87054, -57.91270
31.04405, +47.97571
44.75497, +42.34595
88.11521, -11.34865
193.93375, -26.80941
221.47664, +68.92979
212.73898, +6.36485
328.72516, +74.48743
80.34120, +4.88781
103.86526, +33.28040
185.25960, +3.72196
241.12170, +69.66576
254.62616, -28.48571
324.96429, -22.47369
45.90275, +46.94380
251.64999, +62.82268
356.84579, -2.30067
65.23261, +2.63348
77.08209, +17.36324
90.69827, -63.76369
102.72318, +33.47876
110.87727, +2.61581
113.34881, +31.48355
45.15587, +35.16908
108.31015, +73.84314
69.04494, +59.32090
230.07591, +3.51836
280.20032, +23.68404
281.98740, +22.94254
45.48304, +51.14861
45.51598, +36.09843
162.45879, +32.98287
208.09598, +39.68725
30.40030, -68.43919
112.22575, +49.13702
134.28035, +84.80853
272.23334, +69.06789
91.58627, +83.83860
276.19281, +41.49268
84.76421, +15.57545
95.34866, -64.95666
331.12817, +41.41115
110.09021, -28.98646
136.13884, -38.48952
157.27596, -44.15966
175.12976, +60.29892
206.84247, +30.33357
243.14809, +29.48480
303.32489, +66.29054
322.15887, -70.83458
184.37556, +45.61928
187.16898, +9.25893
221.46556, -11.91416
69.72415, -64.20808
297.72507, +48.05964
348.08722, +31.12562
1.36524, +5.22233
30.38701, +45.00357
66.16699, +7.21904
107.08894, +35.17004
196.25404, +35.17812
213.41124, +7.66037
114.26192, +13.60107
312.46469, +6.22013
4.57705, +30.07176
103.79783, +24.22922
14.23987, -52.92391
35.79752, +41.36801
39.73183, +34.62228
62.28685, +17.11169
223.97446, -52.01249
340.96674, +38.37687
73.29381, +34.38468
81.98914, +63.85948
125.14655, +68.60031
179.67761, +25.03672
224.10555, -37.60094
294.45236, +1.00387
331.78967, -49.99548
107.12315, -49.21406
47.49354, +19.20813
67.84380, +60.91673
85.48146, +18.49235
87.52164, +13.62656
213.09494, +50.34843
121.60050, +1.03606
198.71642, +17.22675
200.59129, -52.39644
268.62695, +18.37586
53.42447, -21.47865
281.71533, -63.31453
67.63786, +38.92991
80.08947, -61.29588
198.77644, -55.15630
352.19440, +3.51140
20.73316, +33.47141
92.28375, +42.08520
184.22067, -48.97385
308.34039, -2.03718
331.15054, +42.32728
353.65176, -4.53426
40.35761, +17.81222
90.93436, -69.58829
174.47412, +21.98111
16.85425, +32.29278
166.11382, +38.20885
49.24477, +31.56726
33.05607, +39.23551
36.38471, +50.81950
193.68761, -39.85228
342.34439, -37.47178
201.22044, -4.08199
10.29167, +16.46939
31.33198, -6.45088
43.18506, +46.93814
227.92096, +75.38483
278.54660, +32.06459
20.72629, +39.25724
121.02847, +53.54923
238.85831, +78.99678
356.86905, -28.10929
43.27908, +25.49040
108.76965, +50.53600
256.97604, -23.77150
265.72025, +66.47605
269.89282, +24.88696
317.17923, +12.48427
17.94276, -61.52763
51.20238, -3.01559
162.82506, +44.57180
338.31863, -27.24660
339.12366, -12.56702
342.88153, +23.08055
241.11102, -60.56514
46.78944, -9.59266
234.91267, +21.78276
49.67958, +42.30058
111.53600, +1.98371
348.79630, +25.28196
30.12224, -34.25564
271.45624, +18.53802
313.07166, -16.28564
16.77409, +32.79511
42.60055, +46.69817
286.26410, +55.71516
70.64728, +35.93340
279.83121, +38.93977
278.52008, +38.59845
27.67872, +33.08204
60.98169, +30.84005
69.32253, -62.58340
124.36206, -24.68109
181.14130, +64.43674
264.20340, +72.08896
214.95085, +56.72905
218.46782, +5.45833
187.91338, +3.93946
282.90729, +23.63475
354.27884, -20.46307
26.18731, -4.13535
25.49558, -31.00940
267.82492, +59.47086
39.24525, +25.44291
42.72375, -54.97591
202.40211, +58.41873
266.23596, +55.70470
210.42441, -11.60697
104.50677, +12.66718
188.96767, -5.27933
18.39232, -37.90163
113.38216, +30.56296
197.22714, +62.30634
187.63321, +12.49019
23.75978, +41.24814
60.65174, -9.32244
93.44966, +81.07437
126.58195, -13.30314
260.58487, +6.63829
46.61870, -9.73107
51.68956, +7.71457
106.24689, -49.08321
160.49911, -28.77670
146.93117, -32.83743
149.87158, -19.49227
77.69837, +18.01966
233.64651, +15.19837
45.88016, +27.68669
224.62656, -47.69895
9.27286, +25.69898
18.59287, +5.92690
151.73293, -45.04656
228.68924, -40.35455
299.61151, -55.58469
208.08784, -27.89433
42.93031, +42.82828
51.96362, +36.38972
187.91484, +16.85278
189.90382, -40.74002
205.27388, +67.67218
198.66702, -42.67623
108.15264, +12.54558
202.00055, -27.35427
278.83682, +52.72839
110.19823, -34.11834
237.77083, +67.15869
350.70999, +11.98882
12.76885, -7.06564
281.37186, -39.18145
43.77011, +42.26232
125.62172, -11.41778
217.86334, +3.00909
341.58087, +3.21004
33.51505, +27.87717
35.74366, +43.01194
68.29621, +5.35433
73.99567, -75.54118
219.12819, -52.67796
50.61893, -2.75713
87.82732, -38.32046
203.88286, +13.67621
301.90527, -21.12519
303.48444, -44.35117
102.73717, +33.43758
156.24716, +28.02389
40.30355, +8.71941
211.48602, -53.71959
22.44608, +45.59903
97.77479, +84.92554
98.15666, +71.56096
111.25654, -32.49903
338.63385, -12.93377
359.64200, +10.72826
91.00064, +51.09337
330.88733, +38.55662
40.79717, +40.42675
123.23788, +73.56326
136.44962, +25.43740
147.47810, +9.16366
192.93234, -38.82920
11.25803, +6.11336
93.06858, +64.26879
101.35793, +34.48619
102.94778, +48.49641
211.14214, -52.69729
254.45839, -76.99297
308.84909, -6.24463
41.75907, +8.65221
51.46809, +40.74878
63.48359, +29.15754
142.31834, -20.37929
197.19386, +62.27166
203.73293, +13.83250
68.06846, -49.67582
190.19475, -40.89305
72.92298, -3.80935
112.69337, +73.63020
124.90406, +4.65723
234.87668, -38.53897
260.06528, +39.26046
36.26913, +22.21721
198.93562, -53.19681
302.62360, -54.78325
28.41192, +19.84050
48.26313, +42.45713
245.90071, -61.70795
247.40950, +8.45068
252.01630, +62.20045
345.45139, +15.58247
349.83572, +43.97374
24.80350, -75.01099
63.37514, -61.84554
91.37319, -19.03355
73.20501, +1.25914
102.59547, +53.45333
241.05591, +13.74400
55.18801, +17.74117
73.58027, +1.64036
119.91183, +24.98228
143.69809, +10.28373
195.58279, +75.40417
325.61099, +12.56925
9.85962, +6.73418
43.08267, +44.06554
147.26260, -2.82174
210.76727, +28.03339
264.69727, +18.87788
273.67331, +43.26863
288.19922, -46.01157
56.91235, +13.25593
286.12906, -53.98680
20.86622, +33.20428
154.59816, -13.10439
208.26414, +69.30814
65.33324, +36.76009
79.22945, +6.55266
103.74506, +80.96565
19.30526, -58.90995
176.23039, -51.90572
192.72237, -9.86230
241.67531, +16.31969
84.70455, +41.12883
235.72160, +14.23141
287.21851, +19.41149
153.88902, -45.13282
279.36255, +18.84599
10.89361, -8.18651
105.40315, +14.13524
117.96089, +2.81558
48.75591, +42.03574
153.52971, +38.65262
174.53775, -9.60713
350.62891, +11.89262
165.23930, +10.50558
237.47684, -21.04935
347.59323, +7.58064
14.45817, +31.48476
106.60231, +20.79761
145.31920, +35.88216
208.72209, +41.31352
242.79584, +61.26796
284.90192, +19.42741
67.16526, +70.34723
108.51608, +35.27928
204.57188, +48.27560
292.79303, +54.09241
186.49567, +3.42732
353.75436, +4.89775
10.72003, -23.54102
182.10983, +76.80403
205.97917, -19.75970
264.73138, +12.98429
316.85687, -25.42866
94.58634, -66.01752
266.34024, +87.64227
287.97778, -56.27613
95.06548, -57.57840
4.91526, -51.26662
23.38013, +35.66823
73.21907, +3.05718
103.21669, +74.48071
181.15755, +2.07260
244.75616, -63.26461
310.30780, -38.19342
351.48203, +14.20982
352.72690, +3.54653
13.36096, +29.27035
13.47531, -31.09552
198.04916, +44.03802
16.85438, -69.87917
24.32309, +5.87741
32.84936, +15.95489
244.51729, -60.69496
280.18234, +36.16375
335.22134, +33.29534
231.19179, +68.73063
264.02509, -61.89847
332.40616, +39.28278
19.72020, -16.80343
54.07562, +45.63749
233.59235, -8.90575
277.89557, +33.93735
333.69312, +42.18118
68.62046, +73.20483
83.49693, -71.75693
84.66717, +15.14702
57.28226, -48.85820
110.85641, +2.91079
184.10954, +47.02536
190.62982, +3.96032
7.74682, +5.15976
125.82955, -26.19706
345.42877, +2.26361
98.54141, +52.12766
39.41651, +34.43159
73.12501, +74.49601
148.27126, +19.43222
318.17542, +13.98133
44.17945, +7.33369
130.69978, +72.97648
310.42545, +55.69814
348.30304, +6.32166
32.95997, +70.44399
112.69410, +9.64689
135.95761, +85.50169
332.76828, +41.28261
46.63635, +41.48537
73.12924, -62.98576
146.57172, +5.70884
223.04326, -10.74039
71.52469, -44.73336
102.49865, +25.63438
54.55871, +10.08436
139.75931, +26.27000
51.49659, +40.78902
107.64231, +50.11891
317.81912, +37.88479
54.27468, -5.04274
116.72105, +39.03195
245.29640, -60.98516
318.55246, +2.17799
1.31967, -16.47691
38.82733, +40.92650
46.75243, +36.16766
52.29912, +41.38800
273.51468, +22.28379
67.33350, +69.53117
4.89635, +47.24103
100.87820, -72.59460
334.15610, +86.92971
35.38501, +32.54451
55.59560, -35.15353
262.08093, +14.16892
311.78680, -38.08854
3.23482, +22.10027
10.26522, +31.73270
15.71819, -4.76188
356.65768, +3.79981
243.50400, -60.99099
87.92632, -69.93013
205.09062, -71.12916
36.31777, +42.08988
76.17443, +23.47679
193.79025, -8.85856
194.25902, -20.50484
21.12375, +56.18221
14.66497, +50.04510
30.98582, -23.31162
107.89024, +50.24835
320.62216, +15.28205
29.72835, +36.67496
114.39680, +35.60575
241.55843, -61.19137
92.12663, +64.72369
228.02133, +67.36267
301.32324, -56.25618
67.74200, +5.54238
127.12051, +85.60811
159.22495, -27.91704
172.20990, +20.79510
55.89199, +41.07353
258.15240, +38.02039
274.16940, +22.11281
312.11511, +7.73997
356.38437, +27.36093
285.95477, +33.84470
320.06525, -4.87651
54.28732, -35.19503
104.59617, +35.84059
358.48642, +28.49267
61.83284, -62.89931
70.90382, -44.97523
143.43073, -11.32200
204.96796, +0.83959
257.77438, +5.85224
39.01847, +42.42095
301.06100, -38.16712
340.30106, +34.24903
249.39301, +50.34552
334.33224, +35.57116
0.09211, -80.79286
252.48285, +53.95386
22.07819, +34.30863
192.35963, -41.48930
204.41272, -42.84697
241.20990, -59.98214
37.19111, +45.97064
188.90250, +3.03452
265.44925, +23.67221
278.25610, +34.06047
29.61737, -56.25611
239.28238, +63.91748
41.29036, +32.98975
83.39522, +6.27331
319.63815, +22.74584
336.77408, +36.36160
44.29491, +2.77507
168.82054, -13.73297
348.10776, +34.88151
98.38961, +21.03710
191.99321, -22.26845
243.02272, +14.20880
349.49637, +9.68019
210.19351, -45.41856
58.57945, +17.58501
146.42282, +4.94190
4.90748, +29.93387
18.20209, -58.28227
189.96629, +15.29780
193.11424, -15.51861
252.07724, +6.31222
134.63684, +28.26726
140.81079, +40.16387
209.64018, +37.45350
69.44861, -51.42318
17.75354, -55.87067
37.32285, +45.91134
44.96082, +2.77136
159.25038, +18.13582
96.42479, +30.65635
219.82713, -52.22596
70.65044, +69.21650
175.07933, +17.76575
204.06407, +38.34299
318.73349, +2.83484
17.19870, -15.84516
45.98601, -39.44042
74.44724, -73.23083
300.73297, +53.88507
45.24774, +43.01758
199.90857, -12.69897
343.81918, +2.24632
0.36155, +31.43374
44.11983, +15.91610
69.28159, +12.35265
261.77896, -60.87912
330.77780, +11.19931
335.94803, +32.40303
2.75444, +30.05207
72.92342, +5.50560
173.81789, -49.01128
193.09396, -41.28193
339.43423, +34.41004
111.25003, +49.49237
167.73817, +19.18263
295.19092, +50.89075
346.45413, +31.08724
202.33984, +11.73512
204.98183, +28.40059
272.54141, -0.17212
239.37408, +15.87263
246.06229, -61.09487
1.30788, +6.77199
80.21758, +8.86463
80.72338, +72.96289
178.15305, +23.58250
259.03641, -19.77570
292.74252, +46.71225
241.97208, -59.22695
347.50180, +42.56652
8.63578, -43.65612
49.79925, +39.44334
116.72958, +39.01518
179.49710, +23.20200
333.93747, +2.06595
49.92970, +9.75221
75.82654, +18.45254
221.08662, +12.13202
221.86111, -30.64530
279.38309, +36.85545
41.24094, +32.70628
207.85783, +59.86336
225.47397, +25.96462
246.16620, -61.21960
32.41396, -6.92220
104.04378, +84.07890
210.55717, -53.54084
252.33755, -17.64460
258.20193, +42.81488
236.63704, +72.16922
248.99490, -5.11777
299.39032, -55.57791
346.83417, +36.36253
350.30444, +7.36643
293.10443, +41.90424
324.89423, +8.87686
25.08997, -28.91275
30.07940, +24.47369
34.34610, +38.41382
35.36960, +39.37566
192.40770, -41.38826
223.82256, -51.57084
259.88855, +11.20737
299.87457, +1.09702
36.54659, +26.05543
211.18010, -9.71363
252.25653, -6.79101
306.67517, +2.69535
35.24623, +32.83985
67.79259, +7.63090
119.21214, +73.78667
125.78413, -77.85201
251.39339, -27.18996
63.21854, +2.36964
76.22071, +59.98726
272.18997, +11.82929
26.37180, +10.55280
157.19632, -35.65809
34.05328, +32.64951
159.90210, +47.39797
280.52130, +20.14144
355.69336, +27.05295
123.00677, +19.36462
195.79144, -39.24877
208.21951, -1.89534
63.89781, +1.18090
36.66030, +50.04505
348.64377, +4.49835
4.85977, +6.44934
82.60992, +5.18381
96.60994, +77.39078
139.59688, +69.81123
29.19846, -3.73713
117.85911, +14.02046
261.51559, -80.19512
107.29971, +20.60287
19.02509, +30.34909
47.55385, +40.76566
75.00070, +53.82996
193.97600, +63.61185
260.67044, -18.56109
288.65558, -54.22789
113.77853, -46.92596
316.67053, -42.55706
43.45319, +39.57806
218.43173, -14.61969
120.93006, +9.95986
175.53787, +20.31571
350.61932, +29.18096
38.23489, +21.89349
67.87836, -29.75040
68.23708, +59.77350
103.08556, +15.24912
105.17961, -21.24679
198.92395, +2.87906
11.73334, +32.67533
20.73142, +9.04919
21.30014, -38.09452
49.50167, +11.77553
67.10989, +39.62584
185.79564, -13.20463
264.02414, +68.15584
295.84415, +2.41608
28.19132, +36.61932
68.47505, +16.91207
159.78580, -46.50549
160.02518, -46.11568
224.74326, +49.82141
241.64130, +72.49435
273.02310, +29.15589
29.63612, -26.29371
62.29970, +8.64881
112.56735, +24.48788
151.69250, -47.69635
289.23672, -53.70068
343.44189, +1.37199
25.00117, -28.03416
98.25957, +75.86751
119.00279, +58.43024
124.35744, +21.68554
124.40091, +59.95378
288.06598, -63.97664
303.91617, -13.62194
322.95175, +3.58800
111.81050, +52.94855
130.21021, +73.48668
208.63948, -53.31118
209.85318, -3.20923
