98.21677, +47.52578, 0.25
278.43228, +38.61812
11.25863, -60.76036
113.89048, +12.30399
159.92909, -46.33854
169.82370, +47.64827
348.59778, +28.44452
350.70087, +11.37287
7.68758, -8.41512
43.51471, +6.25791
50.08574, -2.08081
56.74219, +1.41605
173.65640, -9.64651
259.79950, +34.20068
289.30869, -46.68874
26.14772, +37.69578
100.89485, -23.32306
149.09633, +20.47736
244.25148, -60.87348
252.56364, +53.55206
332.64166, -22.65601
37.19552, -43.07456
49.77538, +41.08255
69.95562, +36.83420
100.02953, +60.08067
170.42038, +72.83345
181.28221, +76.13315
255.59679, +44.84467
339.88388, +8.61283
225.93874, +26.10078
339.09317, -24.34690
16.84350, +33.06729
18.91788, +56.89535
49.78886, +4.03850
53.02343, +41.59139
110.27227, +29.33851
29.22863, +33.01516
69.34094, +9.54448
139.69817, +27.95638
217.09494, +78.88557
244.88939, +57.61497
352.12582, +17.27789
44.02682, -14.18663
54.49828, +12.20650
101.55153, +43.79253
265.89316, +67.60355
359.74530, +3.63464
48.13749, +12.38456
282.20483, +73.36403
319.92184, -45.11754
36.00761, +41.99609
77.19881, +13.26065
139.25270, +20.03641
153.21042, +12.66667
331.47745, +20.63934
335.66751, +37.97758
71.95834, -62.61104
95.93987, -60.97899
182.15413, +38.83178
217.32494, +30.83222
3.57920, +48.14320
34.54578, +37.09618
100.96288, +25.84248
114.49060, +10.19321
117.15347, +55.81637
140.89340, -42.76156
208.20943, -30.70999
359.49695, -29.86636
20.82973, +33.27757
37.20436, +38.16689
85.39507, +50.98345
274.07538, +47.83603
343.68124, +11.71411
74.86289, -16.55953
110.78250, +2.76594
236.74901, -61.46436
263.35968, -3.36662
291.33551, -0.13824
30.27329, +6.52307
94.86969, +28.59863
189.12654, +26.20025
16.81086, -46.62197
26.03396, +34.38730
33.85513, -17.78105
92.19209, -33.91631
109.74754, +30.54800
188.70374, +50.80516
197.37698, -57.47108
326.91266, -6.36384
332.89282, +11.79594
345.61453, +15.55405
10.83754, -55.32692
21.38345, -1.50262
95.98002, +78.53012
233.16254, -17.60266
264.67508, +21.67510
272.46130, +61.42195
4.10379, +30.37370
35.52817, -34.43315
76.50108, +2.50250
192.54810, -41.22098
339.62604, +35.37804
357.81409, -2.82147
33.64220, +37.40794
103.95631, +40.00026
172.25978, +17.23204
31.23131, +43.15499
79.19242, +6.62271
130.39818, +66.44752
207.15526, -7.40773
327.80698, +66.26230
359.61838, +28.03411
20.40551, +32.60611
57.13604, +35.15023
121.74427, +8.00388
312.44775, -51.98545
313.28970, +67.17581
354.95578, +27.37625
146.82602, +72.98402
333.82974, +37.30149
346.28156, -3.20450
38.00111, +23.75585
39.61425, +1.90769
39.99160, +28.32543
41.60154, +35.22849
58.55692, -8.74176
60.54411, +21.95270
97.62232, +74.44427
110.78072, +22.20801
206.17534, +55.88696
347.95493, +12.94039
46.78767, +41.74978
111.30247, -26.98269
155.62512, +36.59930
211.02452, -6.86056
349.41479, -34.79081
42.33725, +30.66724
54.52864, +15.74473
20.86006, +1.70572
37.03758, +32.35872
62.15752, +69.83785
100.80363, +56.91280
156.82314, -49.12779
258.60092, +20.31393
262.31653, +52.18759
276.20282, +23.06662
276.63684, +22.42019
354.88528, +28.91834
24.11514, -36.37741
80.25112, +6.55774
140.55350, -59.47457
146.51511, +16.48505
192.19333, +41.92127
214.71774, -19.56758
274.62128, +36.32037
340.66391, +29.72536
39.07578, +35.96762
56.84520, +45.96934
142.57056, +23.66303
164.61601, +24.37338
169.47791, -1.94643
170.34601, +34.35677
203.02330, +1.59727
254.32637, +28.18771
353.77704, +21.63550
9.76912, +7.49267
26.48260, -76.47623
113.93095, +11.70979
198.70142, -55.37323
4.55039, +13.19226
22.69434, +21.44042
28.02836, +35.41477
48.87561, +41.25125
54.18854, -36.25623
67.92392, -5.06030
77.56080, +0.90592
20.22286, +4.80148
29.41217, +36.25535
64.43678, -50.16444
99.68767, +53.35551
103.29352, +57.17778
111.95293, +56.98561
146.65997, +13.65892
164.46901, -4.36245
177.38507, +75.99586
178.10982, +69.87702
248.61021, -58.56443
256.08109, +41.94195
264.64954, +39.21751
335.92300, -63.15124
162.88106, +55.39100
211.45461, -53.72269
353.45877, +4.87080
4.74464, -22.88036
9.91470, +3.44290
112.51791, +54.43430
203.22600, +9.52035
278.42532, +48.29297
16.29578, -46.35448
41.67367, -25.34666
48.59828, +46.18055
3.07860, +31.06108
209.26997, -24.80695
1.45172, +27.44943
6.83343, -4.89138
38.65346, +34.86943
50.12872, +41.50899
112.80122, +18.24415
166.73598, +7.17392
173.48140, +23.64375
202.15768, -37.57327
333.76141, +16.36787
0.89590, +23.20078
33.61996, +17.19718
212.95459, -19.85367
268.76208, +28.51478
99.53374, -11.62699
103.15411, +45.78063
18.90873, +9.30701
38.52082, +1.35152
113.78180, +65.00907
188.45909, +77.71143
325.49567, +22.71351
344.22165, +53.87700
348.95804, +9.51637
8.45944, +30.72343
10.12751, +6.91743
19.01868, +46.73050
20.19304, +33.04486
44.16850, +5.91294
46.93549, -4.31929
51.84032, +49.98370
95.00407, -37.19481
106.78400, +50.39299
172.94127, -9.67258
258.23230, +40.26651
293.36365, +35.82489
339.22949, +14.41231
20.66404, +5.38725
58.31742, +32.29874
66.71522, +1.70450
79.79832, +4.80584
121.66561, +73.34357
14.71260, +42.54926
41.34757, +11.45812
119.96368, +56.91502
325.61194, +13.89975
355.21246, +4.58816
26.59177, -83.39960
44.54866, +5.83664
146.51683, -3.97183
169.23424, -6.21945
188.22249, -5.71666
191.58348, +83.40909
241.97079, +69.90482
255.84300, +12.24650
262.64581, +23.62466
19.75976, -17.06040
25.12930, -32.70143
37.62920, +22.94966
49.56846, +41.73492
347.95953, +31.02121
42.09150, +41.61348
70.11102, +36.57642
168.88881, +5.11541
208.87401, +25.07366
269.38474, +45.26228
273.51205, +49.04417
309.19711, -45.30812
80.43552, +84.48225
207.62135, -52.94657
219.53920, +66.33804
278.02887, +37.61357
339.13699, +25.76318
188.69493, +47.75893
247.13156, -59.01028
248.24693, -58.20319
277.82364, +34.41954
336.33813, -31.35566
36.87981, +41.93079
47.55775, +19.26893
163.58575, -4.34676
351.14099, +8.61615
14.52177, +30.42558
41.30630, +32.97814
63.24903, -32.55328
75.98409, +31.56462
111.40521, +29.95410
273.92920, +51.78724
358.10080, -29.02300
12.00958, +29.95736
28.62516, -49.54239
164.20525, -47.65852
328.33200, +15.55224
342.41287, +44.00230
351.34235, +28.85680
359.15527, +27.10484
0.08051, +22.99055
20.14937, -17.38704
50.29230, +19.81230
82.35365, -85.92858
87.10085, +14.05663
167.47691, +24.25691
259.31677, +40.57943
269.27112, +47.74137
276.31555, +20.91300
3.34894, +28.36902
17.79722, +32.70179
74.21769, +2.79805
80.35094, +15.24114
180.28699, -42.74678
197.59369, -7.17070
261.35477, +10.27855
263.29831, -76.41265
274.33899, -37.35435
318.19876, +8.78233
352.00433, +32.16275
20.85037, +9.43354
31.02056, +2.78683
79.05717, +6.44761
145.43185, -60.79888
224.33894, +19.67286
268.67191, -60.91121
346.10324, +17.95315
18.56056, +15.89835
22.94496, +38.71704
166.82739, +76.69493
172.23740, +73.03485
342.38876, +32.36741
124.93330, +79.23483
150.67078, +70.74181
193.20515, +47.68511
297.86374, +3.56097
7.43213, +21.47683
35.34878, +16.56655
50.92897, +36.91960
224.71870, +7.00730
259.48398, +48.46775
317.76578, +22.91044
2.80934, +28.90648
4.94728, +9.16693
40.11917, +2.47872
45.85054, +4.49178
66.81724, +32.62514
102.48392, +25.70489
39.09909, +31.71140
88.03239, +16.19867
157.54741, +43.36104
196.98149, -56.22425
3.64241, +28.45044
31.53296, +49.90939
35.29895, -42.00161
106.97807, +13.08754
346.01111, +22.62425
358.85901, +47.28021
9.47550, -6.41283
29.55841, +19.09998
36.30923, -40.42410
139.34537, +24.88747
248.62488, -67.31165
11.80953, +23.05353
27.56452, +33.49560
46.54069, -8.83322
57.99617, +17.80581
255.56705, +30.70338
31.07731, +28.65591
47.02726, +30.47471
79.17298, +6.49377
121.81128, +4.46965
192.59473, -14.32187
267.67438, +14.82176
291.53961, +84.05520
174.26898, +55.58231
179.74577, +54.23900
245.42618, +55.08610
255.15077, +47.26485
272.91101, +25.65764
345.85211, +24.59707
348.61996, +4.19224
348.88376, -38.53559
207.58640, -8.45603
217.23729, +11.19689
250.80649, +74.70701
279.10828, +77.09093
323.10455, -34.37281
16.88649, +39.40013
16.93716, -46.86361
252.74521, +81.57473
343.54016, +8.53243
15.32057, -57.79790
42.22376, +41.77798
113.00191, -31.79761
289.36206, -1.77802
326.74789, +1.71274
335.78827, +32.14872
347.56888, +26.62102
11.81673, +7.91003
44.19555, +4.97783
253.04381, -28.29900
255.79465, +51.36711
350.20642, +1.73901
30.15078, -25.05117
103.29803, +22.31188
120.20720, +27.50032
252.55826, +55.38462
279.45966, +37.47189
352.31311, +26.37893
35.96640, +25.54206
269.20657, +70.29077
350.13095, +29.30716
6.79613, +1.33371
18.56186, +37.95641
33.27522, +22.85579
90.52180, +36.10443
165.79590, +41.70517
192.25635, -9.45704
195.96025, -72.12299
199.80022, -57.07512
1.49485, -36.13650
43.71137, +8.78440
108.29298, +18.99603
109.99305, +22.09213
152.62663, -41.92532
177.83746, +21.88916
180.40074, -53.35763
1.28355, -50.82141
38.79214, +20.85146
125.73266, +4.12174
159.13271, -27.22095
247.28815, +8.13442
305.11688, -0.70996
339.68497, +37.59712
12.03610, +28.61387
27.74370, +21.99750
32.74899, +37.82386
42.53688, +12.84364
105.76517, +18.48724
210.88019, +9.22090
247.61195, +40.72504
18.79929, +30.19484
31.91574, +2.14966
44.29813, +45.14341
174.83626, +46.51342
274.12677, +29.90402
275.71121, +51.31922
349.70807, +7.04610
352.51248, -31.15636
27.28578, +13.05982
27.31245, +20.71129
42.77686, -14.72295
231.30083, +7.15480
254.41612, +40.70734
132.81161, +71.85234
153.16768, -64.03145
206.56502, -32.97332
226.37132, -49.56887
260.58209, +2.01842
334.14319, -26.82040
34.04809, +17.97137
47.12805, +20.77233
65.43729, -64.22285
67.12843, -53.73792
245.06282, -61.01249
327.70764, +2.02072
346.46426, +31.06355
0.61004, +3.35193
3.55358, +22.76650
22.60798, -26.78004
44.28839, +5.32091
55.95388, +14.31826
86.12358, +69.29898
96.40437, +65.33323
99.03418, +39.41447
105.89612, +40.31770
187.11365, +18.41529
216.80083, +69.89898
237.75076, +81.77644
273.04202, +64.98252
282.57684, +73.35149
312.62082, +9.81578
351.17056, +14.63203
107.71490, -35.38614
110.34985, +22.53207
210.35289, -9.82417
345.04022, +31.37513
352.50473, +27.08677
64.32913, +2.43331
76.77712, +3.97858
211.77309, +72.16904
303.01630, +5.76368
27.93925, +33.53738
30.42358, +46.40462
42.00937, +43.03383
50.01586, +1.36153
107.10121, -23.79316
287.63107, +44.31034
326.77750, +10.13941
335.38248, -37.03139
6.82178, +24.16925
14.19064, -63.48771
238.74574, -62.40792
358.13275, -30.18108
32.23108, -56.73705
61.30125, -65.83980
87.88007, -11.31466
188.66257, +7.15727
210.64432, -4.92889
247.12234, +82.89378
348.30765, -2.10037
351.23767, +52.24235
357.51089, +36.85046
11.03283, +30.35094
48.37193, +44.13144
51.10159, +25.68285
100.69373, +52.84896
171.70212, +35.25087
174.55403, +12.11192
212.56302, -17.83715
218.64572, +77.96661
250.14076, -67.45195
252.47551, -71.20222
296.74680, +56.91066
35.37574, +15.76162
37.29905, -11.02470
37.50003, +28.63367
38.32127, +32.74672
76.26247, -61.48450
95.17841, -16.06115
194.32643, +70.20345
216.79175, +35.92077
234.43831, +22.42628
284.41949, -52.52882
41.64886, +32.44927
51.93851, +46.93624
108.08380, +23.38037
271.06485, +7.04096
284.23166, -61.39978
325.58356, +14.80828
0.24550, +28.91172
26.83497, +2.83293
92.64825, -70.34759
250.21588, +65.78967
29.45896, +37.36173
31.89219, +2.11532
38.41134, +6.47331
101.11536, -17.93249
117.90702, +9.78205
125.14612, -1.37630
132.24973, +70.10968
199.13596, -15.30316
260.97369, +48.47903
5.39233, +38.09296
22.79358, +9.95073
111.78960, +33.83188
263.82910, +6.16851
318.04221, +11.65948
355.82019, +8.71060
15.33838, +31.50772
84.58932, +47.61422
27.87146, +36.06594
100.81126, +65.67751
114.26324, +22.35268
146.13724, -31.79193
7.66294, +12.68052
11.85107, +28.35225
20.94940, +33.05533
206.90518, -20.95876
280.96579, +42.62383
349.68134, +18.69833
357.13187, -26.84602
20.86803, +30.78446
60.25314, -52.98493
76.42105, +76.01980
129.49367, +66.13734
187.45172, +64.03378
318.02829, +13.00043
342.37140, +11.30302
1.27763, +5.20354
41.01189, -26.18640
59.86075, +43.31204
208.06841, +2.10852
267.76614, +51.02293
5.00812, +21.99971
17.27411, -16.00030
21.48455, +16.60182
30.35300, +15.64652
101.42199, -37.52071
209.21800, +15.70223
209.56897, +59.81456
216.62743, -54.36800
216.74266, +12.89913
0.87179, +27.35172
37.95573, +9.73619
44.81215, +16.03824
193.12274, -39.14606
205.29649, +30.37809
229.53584, +13.82866
341.03876, +10.07020
17.26665, -74.51550
29.52332, +37.57786
103.41754, +54.97379
115.30978, +27.61414
183.94275, +48.13143
195.92014, +2.56813
247.04814, +39.82193
255.23302, +58.93754
338.69946, +50.16764
349.44135, +29.02718
49.64984, +41.47722
231.64244, -48.11922
256.79880, +11.42130
295.35672, +51.82031
21.77296, +18.59878
43.69647, +15.58939
206.01346, -19.80682
207.88544, -48.08352
7.81510, -22.55993
54.39011, +23.29319
69.22053, -64.57229
83.51567, +13.78688
329.06238, +2.17262
358.45773, +10.94466
36.31810, +24.26480
40.39529, +7.18717
149.73444, +14.41890
159.91696, -46.29165
178.48964, +25.68499
232.93826, +67.55636
244.09369, +65.35388
263.63748, +50.26015
289.86148, +52.33198
307.46237, -38.97881
1.36655, +46.54360
36.46068, +27.41278
262.21564, +52.72345
355.22604, +27.50963
65.95513, +13.18170
101.48005, +51.62565
102.91922, +29.07218
109.17869, +29.85497
113.44600, +65.44602
243.59425, -61.14390
247.18506, +39.47386
12.89589, +29.40125
80.33330, +51.73038
101.72492, +46.40641
140.90231, -10.43374
185.19791, -6.97167
229.87564, +67.50459
260.59912, +6.67129
358.10187, +28.77266
21.83838, +11.97559
147.61403, +66.73604
192.90555, -41.30345
206.29956, +23.07187
221.70290, -66.44161
35.34696, +42.87645
79.07117, +6.31926
152.89548, +69.25810
268.80206, -0.04427
307.04980, +0.28827
337.31924, +37.75244
349.52591, +10.29992
0.63468, -30.62166
211.29764, -53.65934
255.61406, -18.72166
339.41357, +20.01605
13.59543, +31.66520
35.45206, +16.87465
45.16542, +40.87907
311.07492, +2.59487
319.47733, -23.03594
319.72244, +15.68083
328.53967, +15.03685
25.40555, -89.33452
86.06678, -55.53244
113.23357, +64.99248
137.60158, -58.56513
141.52103, +50.43827
330.71295, -47.19732
94.71995, +51.92286
129.06416, +28.06023
192.88551, -27.78301
266.44647, +55.77670
289.17825, +44.78328
6.99822, +30.76484
20.36500, +7.01808
31.40543, +6.77202
38.35206, +20.27302
41.54150, +24.53742
136.98462, +49.59679
159.18721, -27.46953
212.22964, -26.94907
267.59088, -59.56086
355.95639, -67.71494
245.71948, +82.39177
332.49689, +16.49062
28.51978, -67.90296
51.59171, +21.33527
52.67608, -3.16356
282.00876, -63.60262
356.84912, -2.35126
21.73992, +39.01825
53.30246, -50.41425
115.97955, +62.07152
228.13330, -49.56749
35.27652, +23.60035
37.10786, +28.46760
58.32286, +36.58934
157.35037, +55.18675
162.29184, +29.81596
209.23723, +70.75435
276.70758, +51.13918
348.29684, +10.77216
4.64959, -7.04880
28.97091, +18.04452
40.12081, +19.29711
57.43794, +28.16680
57.96077, +13.71468
119.13358, +56.68712
133.69621, +20.22020
243.24799, +2.18123
243.60748, -61.40865
267.07401, +34.10186
34.79887, -12.78163
40.71666, -25.45431
60.62368, -9.33546
104.12412, -65.56048
200.17099, -16.90041
267.69070, +23.13862
319.38376, +15.46151
336.65338, +36.72893
18.41648, -30.23750
107.60042, +74.89104
236.82744, +68.36778
5.23101, +21.86602
23.66574, +55.41753
62.85290, +16.54696
242.67763, +57.46654
256.90384, +60.72869
269.14621, +62.61703
326.00958, -4.88483
51.09504, +40.78867
89.63049, +40.51743
178.55110, +0.13663
252.29808, +53.41979
316.48114, +7.67722
184.88998, -56.32463
201.72470, +32.19322
218.54529, -40.54877
249.55844, +41.93885
326.65411, +8.29245
354.21832, +26.51000
27.69511, +32.54670
71.09477, +9.78355
278.99390, +51.45882
21.30427, +2.06695
41.49408, -28.26967
105.46693, +22.27711
115.11946, +20.69923
141.91852, -80.17995
178.74017, +69.33011
241.37158, +19.94214
280.48856, +50.23561
5.35653, +22.51171
13.48022, +24.77213
88.90083, -53.94614
150.31403, +70.98558
165.39160, +45.65383
168.60022, -3.89317
266.77301, +57.30107
298.00946, +48.12682
300.28668, -37.78508
339.69778, +72.54669
2.46629, +4.67516
92.64375, +79.86691
229.82971, -41.23313
259.35504, +7.69535
264.61353, +24.95343
342.54733, +31.37851
69.61022, -21.74536
180.65233, +41.05421
234.85130, -6.84452
336.96048, +29.09597
341.05127, +34.35122
57.49404, +17.83369
68.44356, +11.85292
247.08331, +38.81142
19.10969, +39.05286
30.53036, +23.54985
51.16211, -40.23970
241.91991, -62.30991
264.63617, +12.74387
350.00504, +32.92287
42.33616, +19.30400
178.42703, -54.10488
236.64998, -62.85793
275.74554, +30.66742
307.73029, -0.64934
332.02390, +67.69252
59.87470, +21.79714
344.83224, +24.10691
91.63750, +74.94717
193.23421, -26.69695
199.08202, -16.67047
217.98428, +33.64256
218.29044, +3.94654
232.36203, -42.89082
257.46234, +49.30944
265.15842, +41.30141
307.57434, +13.64681
331.28720, +26.60712
11.20837, +20.10873
22.43402, -18.33938
43.93939, +30.75600
103.53023, -37.00314
114.19608, +55.04099
152.06818, -40.18190
321.87280, -49.10416
355.82138, +27.35900
37.63629, +28.73389
57.79190, +3.79509
67.44692, -12.50450
180.70938, +18.01553
270.28195, +24.74340
317.12085, -43.48941
343.05142, +49.44506
344.37384, +8.79389
359.21478, +5.50841
33.52322, +5.17329
71.12523, +28.03521
156.15665, -0.86862
165.46445, +75.20135
210.11404, -7.95619
267.01852, +14.74148
308.01617, -57.58765
343.58194, +11.78248
13.39621, +31.41970
39.68475, +2.23128
47.62761, +35.08394
116.66045, +9.21952
157.24257, -67.51435
3.67029, -37.65735
95.42256, -65.17805
111.09641, +49.30139
114.44700, +28.64389
173.84666, -46.29324
5.21571, +21.53657
54.11574, +48.50498
67.34488, -62.88894
262.64548, +16.28874
329.18259, -28.41416
354.82407, +25.02051
41.17823, +17.16996
44.97872, +24.22539
49.85686, +40.47896
79.79220, +65.46999
260.92599, -64.95802
310.83572, -4.49980
328.09766, +3.42715
1.66731, +26.15452
37.34613, -42.98600
80.15552, +5.14713
108.18243, +6.56583
110.38608, +55.75745
152.87659, -39.88125
219.75450, +30.95685
252.69458, +4.60468
281.38409, +59.98110
358.18411, +27.13236
23.78675, +31.03865
24.90771, +7.23732
34.72557, +42.57773
40.34880, +36.96392
47.42808, +40.97421
50.37006, +41.53694
103.70369, +23.50189
171.37869, +35.50469
209.59148, +8.25476
239.33737, +47.16648
80.05238, +5.83758
163.64787, +56.99071
286.24536, -58.57940
19.97248, +32.46735
42.64809, -31.52008
87.22076, -25.63480
130.86023, -53.69593
144.33043, +33.82356
155.34714, -4.83930
238.89993, -60.94104
242.28554, +12.08494
8.97701, +31.87330
28.66837, -62.10490
202.64014, -6.09225
246.95413, +62.69086
270.28516, +22.55264
332.41821, +13.63573
338.61057, +25.03041
5.46416, +22.39999
64.83706, +2.59740
285.89835, -53.17178
9.41615, +10.35798
40.14817, -20.39725
68.52650, +73.29913
118.30842, +68.09728
169.89557, -5.40305
175.20015, -69.12878
271.16006, +20.09706
272.95004, +21.42826
328.88559, +42.96817
332.95538, +2.43986
46.11513, +7.60337
101.39667, +29.22284
102.84882, +36.91317
148.89293, +19.29629
149.19766, +53.15231
159.12177, -27.39344
225.17917, -48.04792
255.37253, +48.42592
328.49600, -29.28909
346.47253, +16.89309
23.01900, +39.19571
127.33512, +67.18291
132.81642, +19.34204
186.69469, +7.91900
193.13763, -15.51691
248.10374, +76.73955
248.26682, -59.47006
266.61612, +30.70475
21.32450, -1.51747
191.73642, +42.26656
218.81213, -69.73330
0.22191, -47.35680
24.19164, -14.05289
83.15317, +66.03651
109.30731, -28.91688
110.78448, +55.62733
137.75703, +13.41411
150.20697, -64.06081
273.02887, +25.59539
347.05148, +13.03362
348.97162, +5.12850
3.96906, +19.77430
5.36903, +22.55641
101.44451, -31.23040
331.44034, +16.76776
345.99133, +27.30227
7.62777, +23.11683
135.55212, -58.91322
142.44662, +21.44246
182.71344, -55.34542
242.55063, -61.26693
350.45532, +3.82856
350.84128, +24.75082
13.68832, +16.43810
40.88612, +31.78997
76.07395, +4.65138
86.13844, +79.58923
94.01682, +47.15819
121.03329, +62.98389
122.37618, +5.28068
334.12820, +36.45863
357.60303, -27.94053
35.01254, +41.70341
104.67720, +25.19681
237.64203, +28.63848
10.92497, +23.47627
181.34659, +17.88597
218.54079, +27.94671
17.07772, -47.07212
32.83055, +15.88380
36.72751, +23.79966
60.87442, +26.36281
99.12796, -37.78416
100.91393, -27.20495
127.77951, +9.49535
139.86075, -59.57367
151.24767, +79.27154
165.50789, -6.96702
174.22755, +17.88860
245.46764, +38.93242
314.75201, -39.46159
50.67152, -4.18655
58.73118, +18.38415
119.23119, +58.87814
200.73712, -50.00697
312.52795, -51.90077
351.82846, +37.22184
121.86511, +25.13314
164.88031, +75.19128
201.61826, -53.91117
225.30751, -47.98671
82.18642, +49.88341
149.92769, -31.21623
197.10201, +35.20643
268.83752, +31.84719
303.21191, +79.40642
331.32742, +34.98924
102.00043, +51.15040
111.19801, +7.19990
153.57829, -64.90626
216.88162, +69.93626
320.15518, +1.09247
20.46319, +33.28267
35.65595, +25.93982
42.10846, -29.59431
45.16772, +32.65630
142.88675, +69.75874
209.15410, -70.92752
266.20352, +61.91056
276.11075, +20.90255
323.64197, +18.95085
7.20134, +11.64249
38.95713, +24.45726
83.58290, +6.79085
348.88788, +19.04813
9.91606, +3.53629
29.46253, +44.91858
41.90860, +16.83583
194.23334, +84.10255
208.64105, +71.27599
71.57073, +76.41890
125.36652, +3.16928
257.55734, +39.01463
328.85706, +34.51112
351.23688, +9.47506
9.78499, -14.17283
40.07995, +32.26225
85.16621, +16.46119
103.33843, +30.27765
136.16257, +18.46442
154.41603, +74.34739
178.09593, -5.67366
266.81946, +61.30898
267.73166, +17.14096
296.79758, +62.52494
319.45624, -66.42767
340.54196, +35.92759
348.20480, +9.17737
68.31496, +11.93470
78.03617, +5.46202
106.13730, +45.33783
170.44685, -4.34428
173.26624, -55.55061
217.65044, +11.87667
224.61058, +8.20837
248.78833, +46.21391
254.78607, +28.99199
337.79468, +35.37518
8.74715, -2.83964
9.59670, +29.47258
35.89206, +26.55705
58.35567, +17.17952
165.09909, -9.98247
192.09488, -41.12305
320.88901, +17.58370
331.85095, +7.03998
345.17004, +8.46775
78.35465, +20.55708
88.74472, +39.09269
128.43970, +56.81926
151.68771, +31.09772
157.46124, +69.08405
317.91187, +57.28497
344.92435, +26.20487
353.14401, +6.85053
356.44003, +29.59978
17.35808, +16.96051
40.86185, +16.66283
41.10390, +37.49208
75.35500, -44.88068
107.42397, +36.36919
114.51102, +59.53367
230.75642, -1.34717
261.33615, +60.02024
328.91776, +24.89782
7.61943, +5.86123
11.61738, +31.80903
29.07734, +4.07628
87.08165, -25.28162
155.23804, +25.36484
197.67337, +20.53678
15.16543, +30.12476
34.06015, +18.31109
64.43499, +1.56473
75.92972, -27.24533
100.19875, +33.59856
161.87708, -1.49251
174.81807, -53.55359
245.79890, +1.75439
267.08984, +54.14903
270.44138, +28.42442
0.12003, +32.78236
4.10036, +28.97652
40.86110, +41.40676
53.65672, +3.59300
128.63968, +75.15316
153.62216, +65.93657
256.79184, +34.26978
261.63031, +71.09627
359.24170, +10.82447
29.20951, +31.70319
60.12249, -49.02985
87.86227, +48.63824
97.07719, +24.29305
109.30611, -28.32044
136.13959, +51.61419
169.74501, +22.88649
197.76176, +78.41328
266.16089, +56.49608
300.61682, +1.64765
344.73889, +20.39128
354.79962, +27.11535
0.26987, +4.54060
36.86390, +24.25879
44.13690, +15.91029
158.46042, +40.29131
256.70807, +2.24423
179.37686, +32.33416
208.16580, -1.99767
30.98415, +19.66871
41.35260, +2.88053
42.14837, +12.00865
73.05478, +64.03745
243.81430, -60.93758
324.86148, +2.82711
352.16266, +35.42658
20.47954, -16.37036
26.44844, -27.91656
32.01646, +28.33214
32.66259, +41.51821
55.68673, +43.88610
177.36319, -68.69388
186.45384, +33.54675
265.30219, +45.15201
311.24619, -76.98470
51.94300, +9.11516
108.71751, +36.07936
118.29601, +9.39925
185.05966, +17.34664
293.40170, -59.78735
338.28812, +39.15572
26.12398, +12.42945
28.22473, +36.05288
40.71704, +7.59775
48.21216, +18.79451
69.26207, +16.40569
72.59679, +12.01697
103.47858, +19.29968
108.59097, +35.39877
108.84325, +36.03827
174.94815, +19.93336
351.88098, +12.38520
359.66879, -17.55886
73.78958, -16.14982
79.34544, +6.87739
154.77734, +66.71984
317.68942, -23.13514
321.19183, -42.60434
353.59637, +34.62490
358.37259, +11.31763
11.79291, +23.07380
13.76008, -13.67819
20.73791, +9.46888
40.15107, +45.65337
60.65788, +25.23283
65.25365, +40.71144
109.33523, -34.95824
136.19675, +22.02842
228.39218, +5.44749
255.48930, +6.66598
281.84607, -63.31035
287.33850, +43.06432
317.91681, -23.16160
329.64993, +12.03897
333.31189, -53.22845
72.14169, -47.81644
138.09549, +12.49800
162.89034, +76.91961
169.47908, -2.09200
209.10358, -0.24756
214.76607, +7.03169
242.78140, +38.25136
279.38446, +33.28097
1.09063, -8.04318
3.20883, +77.79539
20.08298, +16.02017
44.29973, +7.73399
54.21873, +13.40661
60.07746, -67.80682
109.21985, +67.11118
174.54404, -32.86301
232.29228, -39.25372
275.20703, +38.14267
292.33463, -32.19245
43.16066, +41.57826
49.05171, +37.17745
147.61536, -21.80254
193.77617, +79.44872
265.36713, +3.81430
276.25577, +31.41276
340.34113, +9.74286
344.00763, +12.76664
0.59017, +4.08975
74.28897, -0.82704
160.07858, -48.56533
190.27989, -40.88780
236.03564, +72.43118
270.69061, +26.23684
18.75346, -32.24380
182.06389, +25.81143
205.59818, +29.82487
344.54144, +29.22839
29.04183, +10.79623
121.05777, +62.98161
185.53188, +23.86960
337.41315, -19.75054
92.47472, -33.59225
105.81045, +54.63312
158.07196, +27.66878
207.02721, -30.53477
231.56190, -65.07974
237.91508, -63.70248
249.47722, +6.28110
16.32909, +31.68217
17.01974, +33.45322
56.21198, +3.33740
93.10891, +44.43889
187.18329, +22.82156
262.37930, +43.59112
325.78479, +44.91850
9.73974, +25.63862
37.52762, +38.10126
115.28022, +81.12963
125.15636, +40.27848
159.43076, -44.70553
194.99838, +37.19336
239.10585, -8.93618
254.47035, +28.12851
5.38953, +22.59196
18.23807, -31.45012
35.13226, +38.52404
35.98309, +37.06276
102.65946, +45.96742
160.00682, -46.15172
205.75134, +72.33109
234.22154, +4.75793
244.28877, +34.87889
248.44472, -57.54514
279.31546, +19.97853
357.64355, +33.58397
138.86719, +31.80696
195.61656, -55.95049
314.31223, -27.61917
327.77023, +1.98706
21.72844, +13.04458
27.30376, +33.09583
157.81322, +72.12645
169.82729, +72.82401
241.81451, +69.93147
3.55277, +28.54510
44.07599, +31.89715
73.46595, +3.74183
104.08895, -62.84626
156.04190, +78.62894
347.96536, +24.01033
10.84836, +50.67671
42.31481, +29.95979
51.35293, +40.53672
265.29095, +66.67921
266.66483, +51.28136
347.58633, +7.37066
20.05447, +33.50641
161.38452, +24.15009
207.62495, +19.29767
6.24962, +6.66480
20.64593, -4.23505
58.42823, +42.00795
58.53203, +15.99004
67.78460, -63.32369
98.09790, +35.18991
104.99529, +34.08356
217.19394, +30.41293
223.42805, +3.58227
267.71985, +47.19734
348.66730, +28.55734
356.20175, +4.73561
17.78180, +33.22702
232.90341, +7.31242
241.96710, +1.40387
15.34859, +31.04083
29.95781, -7.05928
121.37005, +37.55783
121.63767, +4.57805
266.80722, +7.82661
312.04480, -19.85608
357.65909, -28.43463
21.98743, +2.14237
34.17061, +29.96712
54.98712, +10.94225
77.83263, +51.53415
110.43435, +55.38870
308.82529, -49.86546
325.38385, +17.02321
353.28900, +4.55253
31.85575, +32.95203
196.76143, +13.63736
284.13870, +51.01590
11.96979, +38.42064
45.87695, -61.13899
89.78184, +78.50967
149.05003, +75.86651
224.62294, -6.81913
268.81992, +62.66987
314.98718, -55.56196
7.11852, +23.49715
38.42718, +37.66744
41.64835, +1.44287
42.46114, +13.14536
92.70715, +35.64503
165.88580, -1.50978
217.15350, +38.99919
241.40335, +17.80212
247.03008, +52.38339
261.09583, +49.92922
344.90518, +2.34458
359.96060, +32.70236
9.02749, -32.60322
28.21092, +36.22345
41.98808, +37.56963
222.16135, -85.89596
263.28000, +43.82208
273.76544, +29.76973
316.95581, -10.40854
348.11710, -61.52133
85.71956, +69.89270
148.15120, +9.88200
257.82410, +49.98771
310.86172, -10.03180
326.81909, +10.24117
335.59967, +5.13911
5.37097, +22.50586
18.76640, -31.78389
144.15495, +48.47436
153.00871, -2.14611
159.53970, -50.15964
294.56958, -38.89476
316.51901, +15.97284
10.70407, +23.49017
17.30621, +31.97943
144.75647, +17.02522
209.01842, +38.30408
269.52902, +21.27211
31.86940, +9.16830
44.11588, +16.00817
46.64562, +7.84233
108.78479, +55.41953
109.51798, +68.34270
258.65250, +41.40948
334.77631, -24.18239
36.72150, +41.68951
150.29042, +22.40232
183.86140, -38.14416
242.82088, +13.86607
17.50492, +0.41172
31.58085, +9.22742
32.16830, +35.91954
345.78934, +20.01800
42.42452, +46.57617
67.98056, +1.19910
156.50146, +70.29032
168.13564, +72.49870
177.81300, -6.10629
236.10652, +55.66536
268.23428, +29.62531
336.66776, +35.05780
347.63922, +8.14070
26.74126, +28.75615
37.35983, +31.47165
293.30405, +39.01677
333.07520, +11.49579
345.82666, +19.95580
356.23929, +9.19309
20.67084, +3.60148
44.88413, +41.37593
89.13370, +13.52712
176.49945, +20.43893
1.82128, +27.67838
32.47758, +29.51166
37.08430, -42.76375
90.28321, -21.73861
292.65445, +43.42687
350.28281, +29.54961
9.19090, +1.88646
25.35168, +8.52546
46.02590, -12.01546
100.23067, -37.06374
125.05638, +44.23033
258.07904, -23.37200
279.98535, +40.02642
24.58688, +7.53413
44.92605, +10.56948
120.83327, +3.05226
155.75961, -39.16655
174.34212, +25.74130
177.20808, +60.19552
246.13933, +55.91455
255.24605, -18.80663
20.79836, +33.52926
45.18328, -10.82256
45.19138, +23.18588
95.70719, +29.36611
137.34395, +15.79612
149.80423, +57.95227
262.59225, +67.32261
275.74716, +43.66069
329.85199, +10.48445
37.58965, +35.32595
69.51791, +60.67014
229.03687, -46.48045
263.41614, +36.56024
276.67157, +42.67069
339.64514, +35.34137
60.41991, +23.11272
107.40836, +46.08093
133.54085, +67.90772
183.99675, +27.44219
200.07539, -13.09842
214.41429, -24.18342
264.65182, +23.91402
44.34079, +41.93871
49.68888, +43.24071
86.77390, +17.55350
112.77936, +59.48164
214.74437, -27.21634
266.91412, +9.54715
322.84659, +43.60503
1.10210, +31.47199
17.85678, +1.64022
20.28373, +42.85141
43.70001, +41.40971
125.48451, +62.95965
187.40190, -8.43540
260.99710, +51.95852
2.14178, +55.51139
28.60127, +4.80390
30.28269, +26.84410
218.82233, -69.84528
357.25650, +26.78847
359.76437, +1.71989
19.08563, +46.74796
177.52472, +24.92008
248.53070, -61.62947
358.84644, +30.39319
20.56230, +34.66898
103.55369, +65.20274
206.70610, +14.40049
263.93369, +24.78706
327.93265, +25.25565
346.42624, +24.63330
22.70562, +41.25729
26.87565, +36.03492
43.76782, +9.11141
106.22076, +54.00201
150.39764, -2.99446
199.29451, +30.54271
264.16440, +42.08833
349.72769, +29.02323
20.95634, +33.15622
351.76746, +17.81461
51.60863, -4.20950
59.72679, +10.43418
143.08791, +10.80917
335.65094, -21.73722
349.48746, +11.34917
17.63960, -45.79433
20.08284, +30.75885
177.40260, -52.86635
265.46463, +18.28891
274.62753, -54.69440
11.78449, +30.34093
24.56444, +41.65405
29.07062, +4.64715
35.77902, +12.86499
79.05915, +6.10702
131.07741, +68.83887
142.32326, -60.00186
236.63168, +12.14274
341.50397, +10.85361
343.15958, +6.09366
350.58032, +50.15912
101.80577, +42.34389
222.09525, +18.35464
330.33527, -31.52970
2.38672, +48.13519
37.09222, +23.21466
39.24433, -5.34923
104.29356, +54.29962
225.12204, -16.83430
254.64937, +54.87081
257.15909, +47.24359
22.95421, +17.57581
24.67922, -33.02423
31.18761, +21.43451
56.32444, -51.99727
189.36685, -72.40504
193.11195, -9.75397
254.63760, +59.75473
280.77481, +43.94916
302.39847, -55.70930
333.10880, +27.20840
340.11917, +16.01077
4.20415, +29.61946
67.86641, -12.29974
112.10329, +18.40435
209.47441, -47.63170
230.61388, -43.13616
309.65887, +12.17501
322.85049, +2.49127
354.99417, +26.83425
5.95558, +39.53820
12.69653, -55.60745
103.23725, +27.63349
104.38884, +11.05389
161.49065, +75.09829
236.88626, -78.10687
249.00961, +56.04740
257.54605, -19.82021
358.18665, +33.32983
9.95256, +21.21588
42.31669, +14.52658
52.47140, -52.51509
198.07922, +70.64935
199.51483, -39.34573
319.86163, +14.05744
350.31796, +11.39734
20.42945, -11.76948
49.18749, +6.00560
193.50612, +74.64877
274.05945, +55.59100
284.23569, +17.96204
306.30008, +5.26308
355.92593, +26.70699
27.80575, +32.62484
50.64923, +14.95952
107.05095, +49.13787
258.96964, +36.40581
302.87326, -8.50958
332.29453, +13.50600
3.33920, -49.36220
31.81307, +32.95284
56.21943, +46.20194
324.02951, +9.66037
345.90994, +1.84960
95.22677, -65.01882
98.46783, -8.72290
159.17171, -27.56100
211.29680, -3.36983
62.95595, +6.45243
254.26677, +5.37200
254.60004, +58.95596
270.45291, +45.31045
0.78701, +31.03640
29.04624, +6.74477
39.09987, +7.53363
97.84157, +50.09374
196.05028, -4.89106
219.29242, -30.47804
249.19580, -82.33401
330.46402, -22.48562
92.58937, +50.78546
258.58734, +23.07158
291.99573, +34.75573
30.06696, +32.05998
30.88534, -60.85295
42.35737, +15.80103
60.32597, -52.70746
61.81009, -53.68092
137.85600, -55.87750
159.14117, +5.55365
357.89423, -28.07170
16.63758, -46.64352
41.87735, +16.11138
46.84738, +37.83607
137.54736, +23.12163
146.03978, +65.97742
323.58218, -40.82755
351.72495, +15.72518
40.13751, -2.71986
351.25708, +8.26565
29.22777, +33.26662
35.54334, -20.38871
81.41098, -31.55281
144.82106, -19.10109
157.11380, +12.70402
240.02452, +79.86374
242.60252, -64.70856
333.09277, +14.02440
17.54338, +43.10847
39.10622, +33.58115
253.12413, +60.51453
258.08243, -23.26157
329.18973, +2.58736
125.34290, +62.65239
193.68134, +58.77654
226.16496, +26.97718
226.16589, +54.71404
312.41531, +29.60806
341.01080, +15.87201
8.44758, +7.24871
27.71556, +33.09234
35.82884, +32.18844
76.61517, +28.08825
144.86021, +32.36546
149.12395, +68.03465
299.34241, -55.13709
42.38633, +40.55090
44.57843, +32.33593
45.88667, -12.03977
60.21194, +14.54487
73.24541, +1.33133
79.83840, +16.87529
239.79019, +35.02987
251.59373, +9.03772
272.97375, +21.56546
297.16901, -55.11687
332.44717, +18.50250
36.42879, +25.78475
42.82757, +41.56552
186.85271, +56.91780
248.56230, +52.94107
271.64709, +87.80944
19.90482, +8.17258
45.24106, +33.23373
72.00037, +8.71170
129.54263, +25.09881
138.04149, +66.89816
353.95795, +26.99455
354.49677, +31.99523
28.74435, +36.86935
44.55927, +5.97195
225.86565, +4.68452
281.78500, +15.93382
291.12128, +59.70042
3.14603, +74.35206
9.64909, +29.44762
14.00543, +3.55955
17.08391, +17.09943
179.58612, +28.35979
188.93938, +74.24265
266.06195, +67.61938
343.27667, +16.75234
10.17221, +30.16204
34.85014, +34.55571
218.04837, -36.93082
13.30508, -13.16389
54.30684, +1.86005
87.70766, -31.74072
258.89328, +16.32491
264.95612, +19.79812
356.52359, +53.23254
24.33799, -64.89487
164.82951, -51.44255
228.30460, +7.22549
98.79446, +26.46454
126.75578, +21.70682
146.62012, -41.49431
186.69676, +8.88458
247.90331, +57.70671
272.52301, +61.13347
281.87399, +50.38888
27.32404, +85.26028
242.61629, -61.41124
351.49243, +34.04846
16.28713, -17.75921
18.49937, +2.07146
261.96466, +6.48334
40.28892, +43.68270
70.19707, +67.73595
139.88649, -10.49877
195.81108, +7.80220
206.40216, +76.82833
303.18298, +61.69931
10.86473, +2.95819
23.06707, +21.41081
44.47388, +11.18291
145.48195, -42.09909
217.94914, +55.94750
8.90081, -4.73322
34.86597, +34.96434
74.11353, +0.71126
157.21370, -3.95463
335.77298, -28.95483
49.25951, +3.64941
79.18803, +20.87019
116.99464, +59.01450
218.92863, +8.30054
309.53738, +20.11340
328.68839, +6.42158
30.53564, +8.44513
40.51327, +35.70897
234.76826, +10.79942
255.65102, +41.78431
13.24298, +29.03243
20.24439, +25.54858
36.73804, +35.18128
48.66879, +39.61752
94.92717, -65.04243
144.40227, +19.71442
174.43184, +22.00979
174.73093, -69.96200
327.11734, +1.87606
25.18071, +7.98305
44.32393, +5.97976
79.14828, +6.50458
232.04733, +68.71554
299.23615, -55.79171
12.58660, -41.24325
76.21412, +1.83125
171.37543, +22.71400
176.21767, +19.45421
288.13574, +77.93330
341.86768, +8.22697
354.62158, +26.97878
17.01716, +21.12050
17.40748, -45.89769
63.59761, +2.73150
106.42247, +48.35855
111.84214, +19.64020
200.57936, -16.70835
244.34813, +50.63596
337.21509, +1.89839
1.24079, +5.12344
24.85302, -49.38181
32.11560, +6.39493
34.87817, +37.11180
76.06190, -20.11613
209.41530, +67.46928
248.92697, +49.22051
251.88896, +53.86121
27.77917, +71.31206
90.22872, +60.83878
113.54637, +23.96633
194.91615, -14.96735
240.83133, +20.63690
248.82568, +55.63441
344.89893, +17.97134
28.97397, +32.98969
64.92306, +2.35984
107.43678, +48.69049
245.74170, +14.60278
313.26038, +7.15958
335.36877, +12.50991
336.72647, +19.54820
43.33393, +11.96039
44.02780, +6.37643
281.24884, +42.71973
33.39127, +25.85551
38.17337, +21.03264
42.41774, +46.95446
196.32744, +31.44230
211.08649, +12.01604
255.15057, -28.44614
355.12402, +2.77459
2.50829, +28.21014
33.55573, -54.68567
36.30401, +15.05816
120.79420, +39.90606
154.27214, -50.41312
245.03381, +2.00846
252.18710, +81.61073
261.83600, +26.50515
110.54678, +18.89086
155.92963, +12.71548
278.81931, +38.45770
331.41257, +9.64017
55.35939, +13.57237
97.65236, +46.00162
143.02335, +35.53858
258.80966, +52.66812
258.93839, +52.84291
334.11179, +16.47143
23.36908, +44.94134
196.84409, -57.10501
259.58838, +41.64758
343.88336, +29.80504
353.35519, -15.68877
64.73090, +3.03302
123.40190, -23.26249
347.82254, +17.88192
11.10744, +16.81341
88.66973, +15.17040
319.74536, +25.43105
340.31339, +23.40692
348.37390, +20.64877
105.61398, +86.57955
158.73607, -67.72242
190.25674, -57.80336
195.31412, +80.02971
226.00499, +10.43780
30.32055, +28.83726
71.68990, -63.03126
156.61897, -3.68188
248.45920, +56.13288
253.71877, +70.43798
11.79632, -26.38233
44.52191, +46.49817
52.34246, -52.61934
120.04414, +73.06818
227.76118, +52.05013
267.17102, +58.40456
279.70905, +37.95151
344.26706, +4.67690
351.35083, -38.44699
24.41935, -60.86488
31.51302, +9.29555
100.77499, -74.21534
131.01250, +64.97530
203.81195, +10.69213
234.84532, +21.73936
248.17538, -64.83292
297.07193, +46.42441
348.91565, +6.70835
42.99305, +40.14112
68.32050, -13.15177
106.69380, -27.71704
121.72000, +19.84408
258.76501, +47.67662
313.87717, +15.52533
348.87332, +4.90059
15.04695, +18.28302
170.42708, +34.36270
177.96426, -52.03233
251.14203, +38.92048
309.84387, +8.91286
0.49367, +36.64909
44.09945, +1.97985
52.22709, +70.90305
109.91807, +60.29400
117.91602, +57.10097
156.49121, +71.19805
202.48224, -54.66127
211.73582, +72.12248
235.91478, +67.76084
241.59929, -63.78112
253.16183, +54.83318
264.62631, +11.37041
51.57465, -4.73540
55.97274, +6.52959
175.18423, +22.42937
209.31433, +24.25754
355.63730, -65.95649
0.38993, +9.01244
22.21449, +2.44650
52.33817, -28.13339
79.43502, +53.55127
301.90677, +50.51585
314.87976, -38.33732
318.59317, +15.24412
356.93628, -27.48740
20.84336, +33.43292
32.80037, +3.77970
72.06740, -81.68350
109.43776, +0.29734
166.83080, +23.48364
258.22546, +21.30315
40.98212, +7.82486
68.42303, -13.17023
95.45087, +46.71996
132.10233, +47.28922
145.82259, +39.54645
250.24580, +50.51040
252.71324, +8.78383
254.98532, -4.42765
316.03009, +13.25315
356.74399, +29.45891
16.39252, +32.42965
23.21548, -14.81461
41.90773, +4.63763
56.16677, +43.62758
179.11993, +50.42844
337.26340, +19.10047
4.75033, +19.39787
30.79309, +5.65706
55.93568, +24.06070
110.34010, +55.81107
154.06084, +72.57475
159.82922, -44.99932
265.51120, +25.62023
349.33694, +5.66078
63.55720, +2.86285
311.47736, -51.39111
1.66819, +5.11346
14.09324, +25.61543
59.24157, +16.48461
102.62891, -19.99072
110.29375, +63.67795
247.29886, -61.44412
57.26577, +17.05021
112.21828, +63.38892
173.43590, +21.37988
179.45096, +25.27063
266.49942, +39.69285
298.87634, -57.50813
342.38376, +34.91938
358.93427, +30.21226
18.03905, +12.24390
84.39996, +1.33444
135.86748, +25.64067
170.15953, -4.74917
195.77798, -23.09691
242.39165, +64.36623
269.91092, +61.35939
271.61584, +46.53983
331.07358, +4.66722
67.00095, +70.88023
222.76503, +79.60885
242.20029, -60.47832
248.93539, +68.42827
266.22235, +14.20092
287.54413, +60.12566
322.00879, +12.74651
323.10513, +6.58133
347.37836, +32.67502
139.37946, -62.88449
166.35249, +26.36486
320.95880, +17.57116
49.37928, +38.02622
54.34472, +6.48732
59.17030, -51.55691
80.47900, +3.34203
95.77217, -6.12036
108.23334, +49.76463
111.94321, +53.07802
124.41351, +77.50130
139.13028, -17.59682
198.82202, +44.40718
222.15250, -4.73619
240.27304, +68.25202
318.71954, -44.06863
9.55126, +30.89100
28.99368, +37.12939
56.05220, +1.70686
89.23923, +11.82513
161.17955, +38.31012
162.88797, +68.69585
198.90575, -14.87252
340.31485, +33.62371
349.68051, +22.87416
353.49289, +44.68000
357.08774, -28.11620
3.66822, -7.29592
111.11747, +54.57086
118.61481, +58.27064
192.38795, -9.74082
199.14784, -2.09134
223.92253, +45.54079
254.71123, +27.96502
18.42553, +33.21815
31.86429, -2.09127
109.07095, +22.98695
158.71182, -28.51270
275.13080, +47.57822
287.08716, +52.53662
290.95953, +39.56684
43.38003, +6.47367
96.43135, -37.23019
176.07169, +20.22330
176.26616, +19.62056
253.20253, +51.06132
254.83521, +29.94613
316.45895, -28.72932
339.90610, +11.76989
17.48578, +30.46782
47.44052, +41.26141
51.59225, +37.53589
240.41824, -15.51073
295.52103, +48.09841
344.05157, +3.92678
356.98355, -28.32110
16.54985, +25.55172
127.04443, +55.71247
128.33585, -3.50684
193.48274, -9.11887
240.93201, +16.32776
328.48941, +6.74861
343.84323, -33.89491
348.08279, +28.72326
92.77869, -33.30823
137.89583, -35.95694
181.08072, +79.40919
207.55040, +73.95293
255.18846, +30.13694
259.23846, +21.61407
96.26099, +40.29449
108.39399, +50.72595
111.71234, +48.70141
0.08959, -2.61206
8.95326, -13.61064
42.60575, +13.26623
77.16918, +70.48003
106.03094, +29.24059
234.08910, -3.26339
244.15459, +68.20265
269.12192, +65.21334
283.28397, +57.29974
340.59961, +30.17122
20.86851, +33.33177
89.59543, +79.79780
105.76428, +39.24075
155.99231, +68.38263
248.87775, +57.48681
17.30845, +32.15134
60.66741, +14.16452
160.00410, -28.04890
198.82323, -16.48609
211.76253, -33.18819
234.56631, -44.41101
183.97200, +13.21580
326.13840, -6.52316
64.31947, +61.18552
210.61615, -33.92188
2.75340, -12.82244
17.90610, +33.35429
37.24093, +35.37209
69.33331, -69.20378
217.42444, +78.86428
284.27216, -62.31087
28.63605, +20.06492
29.07948, +5.65214
48.22784, +2.76401
67.80772, +8.51110
74.65478, +69.11752
74.97870, -18.54458
243.88005, -62.54125
290.95871, +34.79501
353.66119, +26.72343
10.72518, +32.58098
20.06584, -30.18546
33.71077, +31.47057
34.08756, +32.66652
45.03592, +5.80458
107.41401, +47.91499
169.20717, +26.54721
171.53589, -5.58592
192.55772, +7.57903
196.82419, -54.12651
264.56567, +35.53467
21.70287, +12.02414
30.24550, +8.31117
37.30809, +22.96633
313.95386, +10.50783
39.90007, +8.46451
49.29856, +37.13700
84.74286, -41.73719
171.65971, -68.34387
243.78824, +46.77454
269.21149, +28.08057
6.29218, +6.49090
78.54798, +1.87966
211.69519, +71.88911
274.48215, +41.35571
294.42667, -81.82079
315.59018, +10.97110
9.48190, +4.91132
30.64338, +17.16772
56.25409, -53.40256
88.96886, -61.40350
95.98421, +51.64091
120.40986, +6.62397
252.36598, +58.89865
334.60498, -38.03836
348.59262, -2.72819
47.10211, +34.36673
185.25859, +39.90001
348.30023, +16.77135
81.34187, -31.54352
106.66715, +23.89346
140.29791, +64.25166
32.17582, -7.79078
65.50440, -10.17221
218.90942, +73.53122
238.87900, +41.95042
270.17999, +28.71187
277.23944, +51.65104
285.79611, +73.79543
351.44922, +8.04054
358.76996, -20.88016
43.99001, +6.49481
162.58478, -17.04367
207.72331, +2.32367
234.77144, +5.57133
244.03636, -61.04322
245.28474, -61.30482
55.01025, +71.40585
65.02164, +0.21749
87.20544, +66.88403
156.64439, -2.82994
170.55530, +24.31726
358.04984, +31.46529
11.01600, +26.20696
24.69660, -31.82154
52.59906, +15.76746
81.37208, +21.85613
111.30991, +53.44606
141.41846, +73.90010
243.52657, +34.87067
251.63266, +65.54549
262.66931, +6.39258
271.75278, +52.26012
13.22267, +41.97078
29.57930, +20.96242
49.32682, +3.61193
60.55757, +45.30881
71.64880, +70.12063
110.76755, +58.09673
243.89639, +68.39767
344.60770, +26.63894
36.72565, +25.03272
109.95541, +49.86208
110.52336, +17.42076
177.23355, -69.79337
31.92771, -65.92803
32.48699, +16.03274
45.90318, +41.16603
150.22086, -42.68461
297.35361, +63.50909
325.89886, -5.36024
332.78415, +29.64415
4.23417, +27.88981
5.47992, +22.00639
33.98371, +23.38000
40.42779, +44.07792
79.81955, +5.75709
170.49294, -2.68070
210.19864, +48.44387
18.70024, +4.18942
20.99384, +33.31331
42.81562, +50.87814
45.01797, -10.82461
82.01328, -39.57385
89.04430, +41.00518
142.80424, +30.02266
159.77356, -46.27765
178.80484, +22.69521
183.40338, +46.49398
275.96964, +21.05162
312.77731, -52.71259
357.57452, +36.66968
86.42058, +13.10518
119.77736, +27.46405
157.11595, -3.24260
187.97815, +15.12394
323.74527, +1.45553
0.82181, +3.62206
119.65224, +8.24945
186.58282, +26.83843
232.97583, -49.95633
276.89105, +62.11649
11.46024, +49.67025
14.95547, +18.00805
15.09077, +19.83626
42.60832, -31.55828
68.68452, +8.14446
78.56387, +62.58001
93.01485, +51.86421
122.08573, +64.38158
241.06429, +69.45533
255.42552, +41.22936
18.20541, +37.02386
183.41505, -56.31341
326.62762, +38.47986
354.82922, +27.24582
356.85181, +28.39354
21.09083, +32.22384
32.58844, +21.38586
37.09028, +10.38214
95.49900, -64.98840
123.49545, +45.74215
146.34377, +68.60827
159.32344, -43.11881
187.50381, -5.98159
0.83527, +8.61877
8.60468, -7.59952
24.24867, +42.32332
68.54346, -13.37000
103.30738, +47.16877
112.51927, +34.02777
160.97595, +70.37349
359.90134, +14.80560
16.11236, -64.11998
66.57739, +86.19532
100.11576, +53.20800
106.98974, +54.27229
107.47073, +54.96843
111.67797, +47.09397
207.48894, +70.72838
207.62885, +24.97663
218.15976, +31.67021
344.82739, +25.91329
22.74261, +14.10843
29.53565, +2.06450
200.07394, +33.14474
29.22251, -2.01897
34.67857, +35.46295
40.39988, +37.22666
56.53415, +45.83948
214.86092, +45.84229
268.59985, +7.38626
354.85812, +9.20755
0.23345, +20.33799
36.96576, +45.94707
38.86182, +19.65739
89.75716, -52.47663
104.92015, -17.45064
125.48779, +66.53139
143.54425, +0.24205
171.03619, +6.21484
193.98877, -28.64602
249.06172, +66.03394
308.89682, -44.37528
0.32942, -27.41995
2.60990, +28.98794
32.02062, +1.89439
51.00084, +16.18278
76.69279, +25.21425
171.23438, -3.81119
217.71222, +13.96876
227.80467, +10.45137
270.70352, +29.30718
299.21320, +16.56080
79.41821, +9.71241
124.75790, +21.18589
188.77359, -37.27776
208.70114, -19.66649
252.45206, +46.71815
256.38092, -26.38910
321.55975, +9.79798
355.34753, +16.15511
104.95841, +35.45804
255.38533, +27.94145
5.30077, +29.64601
9.82753, +3.95251
108.71070, +33.24698
168.69350, +11.12761
318.09473, -23.12434
14.42357, +33.35145
20.32271, +33.09037
46.92977, +29.59833
61.31575, +21.37333
229.88164, -47.43417
270.04901, +34.49990
337.68408, +22.54252
18.22171, -30.69402
46.44496, +22.20344
56.79631, -54.58794
71.28757, +5.47655
82.91512, -82.78294
233.77647, -45.19542
259.11377, +43.34277
339.09479, +34.54364
354.80591, +27.54860
20.27332, +33.37892
49.37153, +41.37564
49.64736, +41.66699
55.43488, +39.33715
121.37395, +37.53589
196.49713, -7.51384
266.49112, +57.25716
313.91623, -22.06411
356.93005, +27.42723
29.60413, -78.42703
43.09464, +36.73513
47.69137, -10.79624
162.10052, -3.31343
224.40819, +29.96849
226.06033, +52.49408
271.10870, +23.18908
4.99314, +19.40237
32.76867, +7.67089
79.10566, +6.34182
170.27293, -5.69642
199.14821, -52.38481
199.37874, +20.60011
247.00395, -66.79418
278.61859, +18.97433
344.05850, +19.13196
356.11139, +27.60250
45.19590, +11.77229
141.42009, +22.33002
173.53259, -9.46709
257.52130, +42.37165
272.36069, +19.11767
282.09286, -63.21766
11.53764, -55.56848
154.77063, +46.45506
156.48006, -14.72085
160.96913, -1.29449
300.22253, -38.63699
349.63843, +18.74973
350.79236, +32.52772
30.01887, +23.76373
39.60593, +1.96872
68.34356, -18.67704
114.15860, +2.88850
115.36742, -38.58456
116.29908, +12.40507
181.18286, -52.48028
182.72343, +76.12586
195.51387, -14.88289
249.12726, -64.43431
7.83530, +30.79250
29.18138, +15.01480
45.37479, +17.85286
56.99986, +40.73300
130.85883, +3.61459
204.63412, +0.54026
208.54692, +5.22720
259.68118, +36.00281
267.44974, +25.79494
270.07895, +34.63981
22.19953, +40.31905
33.43777, +4.10223
101.07264, +25.93487
122.23100, +0.30149
170.25195, +21.33781
352.47723, +8.96578
87.90076, +39.82965
126.55474, +4.59536
157.06940, +79.82335
205.54532, +4.26257
278.10864, +34.08121
299.76669, +50.80206
43.59236, +31.29264
85.08416, +11.48395
264.38727, +17.53297
277.45416, +23.01132
4.13698, +30.34591
66.15235, +31.31370
166.01782, +13.86126
188.52548, -72.65061
206.76814, +11.10622
251.96822, +36.70599
252.06355, -30.58450
15.76755, +54.03464
36.63772, +29.83063
54.80662, +15.81956
55.05783, +15.47565
190.40544, +26.07283
205.28268, +23.28197
314.51590, +11.05381
5.91914, +30.55937
24.53747, -32.85465
29.64298, -7.71182
33.44137, +19.25326
51.35371, -16.23392
75.12563, +4.38652
103.12389, +52.98833
256.67981, +52.11124
279.36111, +39.36058
295.30298, +49.91026
336.13904, +18.06573
348.90927, +18.91975
18.66058, +1.82944
223.96823, +24.71971
259.30548, +7.74129
277.20026, +50.37244
279.93323, +22.31642
298.09860, +4.33790
340.54379, +19.99696
2.60565, -46.49202
107.68446, +50.20244
152.31024, +40.35191
174.22655, +19.97165
183.15898, -32.58286
185.57288, +74.83842
269.99301, +44.85403
33.41762, +31.19193
107.64491, +49.87301
126.78271, +22.84210
177.11470, +12.72731
244.89624, -59.20255
245.59802, -61.59866
285.15134, +18.40903
288.86450, -58.23801
348.94308, -51.04341
3.56451, -31.65812
15.54472, +32.41395
27.39470, +32.57961
32.16342, +43.00736
50.89187, -16.77981
119.96684, +58.61646
221.86473, +1.97852
266.77106, +54.88192
318.31876, +8.86498
332.39337, -6.11427
10.66371, +2.73730
105.82717, +54.87538
233.51707, +22.93425
264.62808, +9.68955
273.76215, +49.42614
65.84296, -67.12739
127.54111, +67.03057
143.55106, -20.85906
261.18909, +24.97128
280.01923, -53.73265
284.90930, -48.93322
342.76474, +31.37438
150.17288, -2.95634
254.86070, +49.92198
257.96432, +18.84142
268.02393, +60.59785
324.70963, -56.41864
5.56676, +30.24744
36.90955, +36.15098
76.30020, +20.98329
149.41371, +44.89735
226.33270, -67.74202
258.40640, +49.13246
258.53845, +39.49831
347.34833, -61.99807
19.03009, +33.08936
51.27133, +16.46824
110.81684, +32.49533
121.10314, +84.64150
318.53952, -26.06054
339.17526, +19.64849
31.98827, +16.21954
34.91005, +37.93599
107.10075, +50.13660
199.37755, +31.09270
101.89556, +26.73965
207.07878, -50.97754
318.51740, +13.62603
30.11829, +16.55967
115.67382, +65.17709
127.07504, +0.28935
170.38129, +13.42645
247.12950, +39.52111
343.67667, +32.32000
43.45861, +41.45520
240.20583, +18.92787
257.22897, +11.46616
301.83966, +6.44552
313.84277, +2.35456
42.30451, +35.33475
83.56039, +70.19149
111.68923, +53.17810
113.37456, +57.70060
145.23564, +27.77771
153.97241, +6.96379
300.18677, -41.96040
305.55463, -47.22657
63.43142, -17.49364
65.46611, -61.78153
66.43599, -53.86371
85.68939, +82.46070
134.28790, +79.70393
148.95143, -1.86973
250.40497, +57.81485
301.96982, -0.25742
71.34043, -15.79086
120.10297, -12.17946
157.67818, -1.82670
186.73640, +48.27698
239.88652, +70.33310
339.24609, -32.22254
96.11501, -37.24767
1.46812, +22.53567
133.23459, +9.31808
147.57780, +75.74804
173.59714, -9.67994
199.43822, -15.52570
279.17389, +10.43886
323.89224, -19.03104
39.57945, +2.31002
44.23584, +6.20559
67.21895, -53.85653
75.86517, +0.66029
107.00827, -35.92520
252.70210, +45.40182
328.89886, +6.61032
26.20834, +21.88243
50.75000, +1.36577
159.14139, -1.26155
171.57188, +35.34024
312.38644, +58.10649
126.34674, +1.98723
235.36575, -81.62595
342.89276, +50.00743
84.55732, +13.51221
122.02658, +4.36876
123.73453, -22.01807
210.67540, +9.34665
256.64767, +0.32310
5.57381, +22.54625
5.82668, +13.70211
102.15638, +43.50977
232.94826, +7.30822
242.80214, +35.93933
322.76288, -68.34155
356.11496, +5.66380
37.76733, +27.69952
73.99375, +2.23448
103.40277, +54.36749
111.29314, +9.51578
125.99046, -0.30484
219.28705, -54.01330
269.21350, +54.39626
325.75562, -52.68337
346.23352, +36.02125
24.70105, -49.31714
36.39679, +26.74340
58.60278, -19.19032
86.12358, -26.05880
111.84926, +19.62487
116.37875, +7.93171
127.41766, -55.60109
95.95587, +35.63961
135.27066, +53.21439
269.25241, +31.80995
359.75507, +18.83405
45.19384, +43.16255
163.06653, -17.13013
226.51981, +3.70745
234.84369, -16.69937
256.17209, -8.78695
22.27984, +11.13147
32.66082, +31.33696
37.72229, +43.34982
44.13504, +41.01250
51.70646, +7.12479
106.60065, +33.62820
225.09895, +43.28213
225.86644, +7.33851
256.28320, +30.40318
281.60397, -63.32534
327.99094, -57.48600
142.01088, +68.42027
245.14551, -60.74753
256.28613, +7.99054
13.35100, -13.15892
26.72573, +28.09919
37.47515, +25.25637
70.36817, -14.16159
101.61077, -36.88753
243.60368, +64.98276
259.07431, +47.30380
43.56185, +41.38366
55.69462, +68.06741
102.83050, +26.77458
104.74072, +45.05592
110.05582, +55.52063
149.37427, +8.12459
196.80037, -40.40760
338.13351, +23.27728
5.80326, +29.83662
138.50060, +52.63902
159.41891, -27.05797
200.07080, -14.81262
211.04970, -10.75434
29.19190, +36.88639
45.53629, +29.10833
109.60802, +31.56111
148.91916, +72.20356
156.86444, +79.31791
239.62306, -60.29546
6.18192, +21.10108
11.80322, +29.13642
31.89044, +17.20263
249.21883, +67.62943
251.04689, -7.85412
299.19000, -50.05574
304.73578, +74.36347
329.23627, -25.35052
354.55692, +27.41432
0.38116, +11.34633
28.83844, +36.30691
40.58490, +51.25387
47.67888, +42.75949
54.44883, +3.27102
162.99934, +79.15438
228.53732, +4.71444
293.53531, +49.27003
26.87457, +12.10392
187.75752, -55.13759
276.81152, +19.93862
52.19418, +36.55637
89.57520, -34.88833
117.43284, -39.03700
246.86343, -61.00402
340.10681, +31.84164
39.66185, +4.04551
79.73339, +7.04007
94.57664, +50.87351
104.41918, +9.14508
125.75459, -4.93485
245.18301, -60.71022
304.09509, +8.12023
358.41159, +29.25992
49.08879, -25.85484
223.88922, +68.40858
241.52249, -61.38340
246.15463, +39.12774
309.65894, +1.73780
358.96030, +26.84876
7.82852, +8.47501
41.17912, +19.45510
44.54131, +24.03368
108.51248, +55.04451
162.79585, -3.61436
198.67847, -4.17849
200.96834, +13.73346
209.51614, -15.74454
332.42844, +38.19724
352.00580, +40.46088
76.14816, -19.26943
181.66096, -47.34523
351.90143, +29.84728
18.16290, -33.66867
106.97160, -35.66914
132.74443, +65.63740
164.72057, -49.97345
189.95016, +12.97396
16.88049, +32.36198
41.54316, +15.95242
157.82771, +25.85357
163.50209, +49.60531
210.49597, -22.36362
240.64076, -60.55677
257.17865, +4.04990
264.43033, +46.38530
275.72192, +12.42938
18.46258, -45.40990
40.23027, +8.59577
71.03645, +8.83974
78.52882, +6.52072
218.11888, +0.29416
248.62041, +2.02598
249.75092, +51.50819
329.48611, +43.54955
63.30999, +13.35255
186.94998, +50.38788
253.73576, +17.26168
278.01840, +5.93898
332.36032, +39.21553
341.49661, +10.86750
45.30089, +16.20923
68.16051, -10.22713
79.82716, +17.43500
99.65888, +26.50610
160.22095, -46.09262
169.42114, +7.28784
69.03564, +72.90343
111.84732, +20.11379
143.55876, -61.28178
247.13904, +69.69348
281.79877, +25.80280
73.47582, +1.68254
349.69629, +9.23365
28.85285, +21.28631
53.20932, +36.21867
85.86690, -30.49502
170.55565, -6.20195
356.28580, +19.90121
95.55799, -64.72783
199.66756, +31.54289
244.07443, +64.10251
264.06784, +68.05232
19.06858, +46.74022
23.61621, +19.82058
40.96051, +32.51189
56.17009, +2.83496
98.28120, +53.51918
140.51457, +17.21246
146.16269, -0.22147
198.39307, -15.43200
206.78252, +72.07040
337.30743, +38.52774
352.10681, +20.02781
354.67661, +26.77386
262.31668, +16.16222
305.03378, +7.78368
352.74149, +17.48671
43.62665, +41.61056
67.43671, -12.14425
100.19279, +53.22876
128.08263, +30.52336
159.92744, -46.20291
173.69644, +0.23520
244.45454, +52.20221
274.38425, +19.44453
43.59867, +11.74740
67.85972, +8.16057
89.19178, +68.74329
166.89896, +22.85230
217.87881, +49.95877
218.77243, +3.55176
275.17999, +38.14734
332.16034, +38.08495
344.58829, +2.29804
355.39111, +3.72494
6.67579, -7.94678
35.03263, +30.01466
36.94326, +26.58948
51.83686, -13.74842
278.51355, +21.13166
308.91321, +8.27113
329.09277, +7.36671
340.98727, +7.39059
350.69806, +22.93679
357.95331, -34.92945
17.71757, +32.59342
161.63097, -16.65008
256.23883, +38.01957
262.45535, +23.32263
324.93564, +6.28630
13.79695, +42.22149
19.90956, +17.56463
74.80521, -0.58875
106.34864, +64.09238
126.39961, +5.11613
172.44302, +51.24577
232.31670, +39.62809
262.97894, +6.48344
275.41461, +48.40114
343.28427, +32.76356
87.09872, +50.63389
113.64268, +54.68706
346.40457, +16.45803
60.34367, +60.51085
72.42461, +63.06810
276.02847, +50.42475
291.27240, -63.68344
322.20145, +20.51087
353.92923, +20.28905
1.03686, +7.37938
16.27616, -5.33096
34.20695, +24.30208
160.80800, -8.19627
234.86453, +24.94761
242.22682, -62.75608
270.28201, +67.42612
357.18967, +4.17114
28.07017, +36.03672
57.48866, -53.48958
226.23166, +62.71536
275.51721, +36.62071
338.60532, +35.13610
356.89285, +28.43528
21.65700, +48.39339
37.84773, -57.75801
82.20757, -76.47103
96.29378, -37.34016
121.88638, +4.51653
160.36084, -46.28730
193.71811, +35.39447
239.82948, +65.23273
310.69272, -1.97269
21.59407, +9.90994
42.17432, +14.31354
127.31884, +81.05426
156.38965, -67.74514
156.44206, +66.95004
214.55167, -19.56902
216.49635, +30.47376
67.49782, -51.69834
161.66167, +72.32046
172.62077, -13.09100
196.71188, -53.08131
345.17072, +7.30305
26.12502, +51.66663
77.42426, +6.55425
100.38458, +40.16972
109.81705, +58.15488
245.75609, +3.64216
280.88785, -64.10685
340.51889, +51.13456
29.05004, +5.58857
40.47592, +5.94806
48.77230, +1.50844
60.31911, +31.73203
95.15944, +50.10840
116.94045, +6.79942
128.76978, -55.17989
156.83125, -3.18458
200.72462, -32.67044
206.20128, -36.07451
243.08435, -61.11081
262.62659, +29.31776
280.12518, +36.12496
313.96719, +74.59276
345.78644, +9.37723
17.22373, +32.51445
85.78510, -25.93752
138.06740, +66.90067
237.64182, +67.16585
278.80914, +22.49923
339.36719, +33.92319
57.03852, +37.45709
96.84038, -47.17675
107.93764, -26.65839
158.98389, -70.20776
349.09003, +28.49038
43.94553, +6.21752
64.03671, +2.07706
109.83959, -27.58218
113.70561, +62.54605
130.92056, +65.18444
155.24062, -4.95048
244.07497, +60.42918
244.20802, +35.70177
357.47995, +28.66796
22.22254, +13.79267
60.32575, -64.89674
102.19959, -47.27114
108.36555, +35.09652
112.93450, +63.24320
156.30431, +67.29711
195.61369, -32.54282
43.10809, +41.88318
63.48389, -53.47537
114.42916, +21.63472
237.54836, +69.56007
309.54712, +6.90268
356.06696, +9.04902
78.49557, +2.30299
103.74969, +84.04186
201.99495, -54.96788
345.70078, +21.87436
159.04585, -27.45416
205.30370, +83.49817
85.93335, +16.63013
340.37286, +35.26626
355.51401, +4.31083
356.38043, -20.98050
79.12083, +6.40236
83.91580, +10.02430
174.65828, -54.83590
222.90369, -13.58597
335.05438, -15.94824
4.54393, +18.29227
27.82480, -21.46263
126.22282, +66.86944
172.43060, +51.23772
255.21867, +37.10023
276.03510, -78.69228
348.49219, +25.44297
354.61179, +26.98517
24.13601, +39.92278
233.97437, +38.67531
255.74170, +40.52464
255.78673, +46.37362
277.60599, +34.10277
32.53763, +36.70456
78.89936, +6.26517
87.51097, -25.77088
158.47850, +67.77681
249.78249, -28.98226
309.33447, -80.78114
314.85016, -4.44120
316.58533, -40.56773
353.01059, +32.42244
7.28373, +2.81110
33.73368, +36.58377
41.80377, -22.20882
112.28982, +53.03845
340.70963, +30.50279
354.61926, +26.81853
107.35347, +39.10336
111.31050, +59.40762
118.77592, +55.70369
150.68512, +79.47042
309.26791, +12.65129
317.79929, +4.39951
35.60229, +5.84650
47.73264, +45.01767
54.13606, +44.03830
188.17400, +14.05158
198.43869, +24.98244
219.86426, +11.92867
259.27707, +40.84496
289.79181, +44.16039
337.05008, +50.76646
345.90045, +9.29066
349.84354, +23.82665
7.77669, +5.07874
25.92661, +31.60203
112.69564, +62.71989
266.50928, +59.32312
285.87833, +50.77790
317.11136, +18.19120
351.64365, +2.33422
354.57709, +26.88687
114.97740, +55.89928
139.41901, -59.61732
201.40486, -27.32994
357.20599, +54.56311
10.61322, -23.62880
21.63877, +39.88107
41.21991, +41.98871
71.28017, +72.78603
103.96579, +13.90604
113.96573, +24.47938
157.47104, -35.37521
164.99057, +46.07249
315.75769, -14.26011
40.93384, +32.49566
78.61390, +6.02829
186.35417, +80.29195
355.24805, +25.60591
208.64668, +38.44948
255.33609, -11.56162
103.72758, +85.63808
107.26138, +6.92872
129.25757, -49.90838
240.96007, +41.52177
255.36172, +6.92653
331.78555, +6.48611
344.10361, +36.24163
38.47482, +9.63183
44.26907, +15.98343
78.80109, +59.94873
107.83376, +31.14470
150.84837, -37.39585
159.14906, +5.91058
174.59239, -21.09604
222.88600, +74.51270
28.03734, +39.38258
42.41216, +14.61979
46.41866, +33.39404
138.63983, +35.71764
164.00859, +2.51134
190.65555, +14.35713
211.55168, +14.71113
316.11346, -48.23949
22.58513, +10.69989
30.66496, +27.57485
44.03640, +15.79249
101.37601, +25.83063
169.57182, +18.84693
211.89578, +73.03136
237.07234, +68.22076
279.10162, +20.87041
345.90118, +10.38723
41.99047, +40.30809
46.33292, +2.38018
209.65134, -24.46900
260.84668, +36.50281
275.78687, +30.75208
357.44247, +8.20826
36.55183, +27.60340
44.12056, +6.31762
108.48811, +7.75949
110.43521, +55.67924
153.13422, -45.23702
177.87556, -11.42473
293.09207, -30.27398
305.14676, +56.24991
331.34219, +5.18388
335.89804, +11.86117
359.61612, -32.94425
16.87750, -61.33884
32.74140, +32.69944
39.70010, +2.21743
193.24686, -24.05718
288.99060, +72.77415
324.95203, -22.58424
35.05714, +8.20545
61.46098, -70.40903
68.27736, -13.59926
70.15491, +0.50482
81.42365, -31.53649
164.93825, +17.65030
179.70117, -55.31684
268.11148, +7.48892
307.04059, +0.47325
40.92993, +7.69147
60.41965, +23.20630
86.81210, +50.64039
113.11444, +10.90447
127.50118, +70.83114
165.18768, -14.05480
254.98000, -18.73830
256.79996, +39.01193
358.83896, +30.38515
6.62175, -62.94118
36.88811, +23.05988
135.81360, +78.56297
156.41740, -3.58995
231.75891, +26.70515
245.08148, +1.74027
319.19534, +15.05821
19.01741, +37.64852
29.24118, +35.94579
255.59224, -26.67416
350.11136, +1.56029
350.51886, +13.03571
35.38581, +39.35680
48.81080, +41.98068
