97.27110, -36.31587, 0.25
113.70822, +57.91138
199.91373, +30.25637
274.92172, +7.31661
277.79736, +19.20404
308.99100, -21.82468
36.43965, +24.77781
47.44512, +46.60118
128.91600, -54.71870
15.95963, +10.59021
112.28088, +6.00919
117.41013, +61.44838
141.97644, +29.79179
264.56296, +28.45539
334.62537, +4.27464
345.27362, +11.03216
350.74292, +29.23461
200.60954, +21.42577
241.41173, +3.07276
336.06757, +5.36081
246.45157, +55.36063
279.95807, -62.95604
350.29083, +33.39954
46.52421, -39.02040
93.41654, +69.72924
160.26917, -46.36890
168.28287, +5.07272
216.24428, +27.81742
236.29814, -66.29025
349.41183, +9.43326
349.80087, +22.43544
24.07692, -13.69605
54.40874, +3.11879
122.43407, +25.88167
167.83606, +5.83027
189.04498, -55.00980
252.35085, -25.74475
263.40811, +72.97015
264.14749, +50.76588
320.22824, -68.02206
344.53290, -3.78878
347.46860, +7.51573
354.59485, +27.15821
20.45799, +18.26758
40.99353, +5.43860
48.54200, +16.48541
166.49338, +8.35801
193.48326, -9.20652
258.32892, +37.81987
276.01004, +65.30626
317.17297, -43.51143
41.72517, +42.67043
159.66820, -46.24785
354.70874, +27.21505
0.06772, +32.79260
10.14774, +1.67220
32.98922, +29.31388
35.21811, +16.35381
36.68375, +19.39629
60.29645, +5.55169
103.23242, +27.36600
103.36275, +77.40941
197.05156, -54.24499
259.42654, +24.21214
278.52054, +51.41352
348.64285, +6.55642
353.76050, +4.80371
24.23379, -13.94402
61.10731, +6.78507
105.72501, +10.61039
107.68768, +50.08142
138.86293, +77.00075
206.16258, +30.31874
284.52823, -49.01129
337.71198, +36.56312
72.95522, +8.84397
130.89746, +64.25804
162.77802, +76.79628
176.12390, +69.72980
208.43228, -52.93267
296.52264, +64.14713
314.56989, +17.83555
324.02777, +7.93945
359.92212, -6.80691
73.46490, -18.78947
223.68533, +79.29636
259.82803, +49.96156
265.94308, +56.80409
297.91434, -83.09888
340.12595, +3.35854
18.52812, +38.12259
87.57378, -10.29766
149.80809, -19.85225
6.84220, +39.83785
32.65678, -15.77359
39.90236, +36.08125
69.97005, -44.28822
77.88676, +20.67093
108.29421, +6.61886
154.41917, -5.68374
195.61357, -54.32950
220.16243, +38.63774
327.43597, -56.71972
25.64986, +54.29257
72.77731, +12.92540
267.39148, +16.67939
351.76245, +29.11351
41.45552, +3.23101
51.25386, +2.90753
104.96460, -36.80126
119.32881, +58.52090
243.39284, -61.81545
274.93378, +48.56119
300.98886, -55.99816
306.89069, -55.09035
350.09259, +26.44527
27.55142, +27.19618
104.94863, +27.56876
107.36482, +32.98940
108.51969, +54.98751
146.53421, -63.27247
172.63116, +51.45592
259.72537, +8.44084
21.46436, -1.31810
184.54410, -57.04367
185.20195, +5.63976
293.32642, +34.98105
352.15259, +17.27108
42.51886, +41.38927
56.62429, +15.41220
91.08771, +48.42179
155.46909, +23.86078
53.77690, -55.09216
118.35964, +50.22832
120.50150, +56.91775
189.82735, +28.90425
193.72075, +73.17845
261.50656, +39.31949
286.93253, -55.30942
322.04520, +2.47427
322.37625, -23.11556
325.48267, -20.78548
359.36688, -30.46123
16.59187, +6.28246
44.75364, +6.26827
172.07359, +2.65394
342.58130, +11.53124
24.74683, -29.92431
31.42950, -71.11546
55.03347, +39.60843
70.81613, +27.91245
86.07648, -79.11973
95.37453, +51.11086
192.71715, -14.49189
235.73090, +70.82812
343.37268, +31.64505
4.42408, +24.66722
159.38022, +72.00462
169.64522, -2.11227
269.82892, +44.29900
15.81073, +8.82577
44.22221, +5.87225
60.35102, -51.42540
74.11948, +22.00891
93.77416, +0.19217
140.54416, +65.32496
191.40948, +74.48150
194.93210, -53.83377
41.49894, +42.54226
201.12009, -30.43148
214.86322, +72.53491
219.47256, +69.01448
77.35024, +8.80519
97.05222, +35.46706
100.26762, +25.36916
196.53461, -31.71982
292.69836, +41.30362
316.61832, -48.12104
63.26215, +75.00603
63.74388, -54.33624
66.88583, -54.19669
119.60634, +8.14475
129.49091, +39.89632
159.01775, -27.50886
344.74420, -30.49394
49.58726, +41.46354
127.33662, +55.51889
157.61841, -3.19519
230.99767, +69.76217
255.91588, +9.29730
280.24887, -63.65648
330.16458, -28.20685
58.81117, -52.33350
117.44538, +61.35501
255.29124, +20.67334
262.98242, +71.84045
308.15912, +9.91636
45.85888, -15.66189
117.29095, +55.60465
230.28177, -13.70832
250.27222, -66.59677
251.71016, +59.09346
273.93240, +61.69788
312.18533, +16.71598
343.98059, +31.67158
38.93077, +44.07994
41.69949, +42.04064
66.15316, +9.69211
155.94717, +53.09937
181.62688, -53.85943
195.15469, -22.18859
323.73776, +20.60110
336.79947, +31.50516
354.49075, +27.26445
29.76460, -61.86237
67.67893, -53.70447
159.41608, +71.99243
166.01410, +49.82170
219.26001, -54.04392
245.58493, -61.35854
171.23334, +13.22535
178.32077, +23.46456
191.79874, +26.71346
207.27304, +68.81283
262.79236, -8.45284
20.25571, +40.44648
75.64357, -44.74097
175.80534, -12.76471
21.57614, -52.65235
85.81094, +16.50199
195.02116, -15.36514
196.86824, +26.72549
293.50006, +50.01680
300.48010, +49.15060
5.65860, -48.58113
44.65746, +6.17587
105.97897, +53.66719
169.82483, -54.94891
178.29572, +20.65883
327.96216, -74.99034
355.66006, +27.09185
3.81379, +29.36283
6.45327, -62.32998
100.10178, +52.00608
121.63858, +61.07327
161.40205, -48.28874
265.87076, +49.09797
307.04199, +0.49136
346.56155, +31.88549
30.33757, +55.25203
54.20957, +21.12700
96.38223, -85.69850
107.31611, +49.82031
160.87062, +80.89104
208.53468, +30.83457
230.44318, +68.88670
326.46429, +9.47532
9.92981, +9.00525
24.39910, -42.54562
73.48705, +3.59346
113.92301, +11.61203
114.30594, +35.66802
279.64175, +17.03962
354.66165, +27.01134
356.00476, +27.71555
29.96586, +7.41182
204.99069, +30.10769
251.02521, +62.08734
347.49951, +6.78972
17.76691, -32.17066
43.21612, +13.25641
230.35962, -18.22534
9.08049, +25.80743
27.89023, +33.21654
63.70202, +35.18103
125.49439, +73.99803
351.37357, +9.86887
4.22381, +27.84813
14.42362, +43.79255
28.48730, +36.64122
79.59196, +67.73164
85.63705, -49.61678
94.55920, +50.71428
223.35619, -4.69787
320.27878, +26.26701
95.35418, -64.91895
267.81223, +15.81979
43.46366, +41.72747
51.89432, +8.99516
136.46742, -55.38205
164.53807, -69.65006
16.98350, +2.54587
111.27856, -63.53399
152.77805, -49.12800
178.95737, +25.13147
343.45047, +20.21044
12.77571, +29.53762
40.26258, +8.74695
73.56918, +1.66741
90.99091, +8.65402
126.49171, -11.77901
182.66496, -52.42699
190.23737, +71.77106
274.39749, +7.46572
11.56346, +49.48247
16.79837, +10.83690
61.04029, +22.13171
68.48773, -13.46245
84.33031, +9.89395
126.98286, +4.97827
188.95988, -72.68117
220.27669, -8.87521
325.52686, -4.21499
89.42241, -51.97021
103.64619, +50.35249
243.83896, -61.90259
256.62631, +14.13925
271.95477, +35.88348
302.11398, -56.16183
38.65076, +29.96503
107.90912, +46.93578
206.86337, -32.81941
228.52580, +4.22219
263.30234, +70.77493
331.12299, +12.44263
340.10681, -71.24098
355.32315, +70.51037
15.87846, +32.31569
67.60637, +0.47107
68.42813, -13.33992
107.66869, +6.45371
321.25421, +12.44104
339.36649, +35.52599
2.36937, +47.35583
71.35659, +18.41805
113.18522, +18.60496
120.53400, +7.67313
198.87538, -55.88793
213.13014, -7.00615
258.87546, +43.75245
342.40625, +12.00613
28.34915, +36.01216
155.19366, +53.96844
157.06551, -50.51721
197.08711, +73.57205
287.51135, +28.95467
41.74327, +41.77598
44.44758, +6.02767
267.96991, +49.54440
294.37329, +6.35907
339.14880, +2.39669
20.37662, -61.35395
33.27667, -50.50761
41.89808, -25.14663
94.35515, +28.12111
105.74597, +18.53816
113.65308, +57.51643
194.34901, -39.31001
195.29689, -22.27309
330.84674, +42.48072
350.84390, +13.31928
9.93672, +33.15814
28.80823, +35.45856
57.13918, -54.33508
60.49947, +20.24046
201.46350, -27.62687
282.20642, +18.55410
9.63388, +23.61332
23.88190, +35.66875
30.08158, -1.36974
106.22221, +10.48396
346.86783, +15.36653
44.63037, +40.86084
46.87406, +47.51616
93.71361, +28.45841
97.66702, +51.86370
108.08223, +26.07141
126.89850, +64.22801
250.71846, +51.56582
270.25287, -63.80514
13.64928, +42.27610
17.68461, +33.55840
33.47630, +31.86200
177.98846, +46.81704
198.04677, +35.66968
222.66415, +42.74092
253.67534, +66.49475
279.34213, +59.64299
349.80991, +26.05554
25.86918, +30.60123
266.78406, +20.86051
267.50558, +60.09228
5.55638, +22.48305
16.48330, +32.41213
63.21432, -74.24892
209.41597, +25.77369
267.86624, +21.80949
35.60525, +17.66924
67.20336, -49.49160
75.88838, +6.65736
97.96239, +25.01168
197.09369, +21.78686
301.88861, +50.68822
27.02944, +36.45318
33.17649, +13.96938
67.68793, -12.62731
77.56040, -0.71982
85.64442, -55.43856
234.45154, -47.42181
245.32385, +51.55702
250.06006, +23.76530
279.24780, -64.30161
354.50049, +26.45946
1.55929, +8.88768
9.94273, +35.85223
27.27404, +34.98312
142.84262, +67.78183
161.12228, +79.12849
168.58099, +31.43959
255.65775, +43.27115
326.89725, -6.45506
335.86099, +18.74099
349.16064, +15.89757
72.00706, -46.13846
107.66115, +50.17726
165.56131, -52.96591
278.40717, +59.88968
295.31900, +1.87295
355.09668, +6.24959
44.76825, +32.63052
51.56417, +38.06500
139.28268, +17.40993
225.62540, -51.20647
234.96951, -44.59422
331.21191, -58.11237
340.82666, +33.99917
347.54547, +29.91540
348.76370, +13.15762
44.96785, +6.53291
49.26859, +15.48452
78.68896, -14.44865
115.26714, +54.43053
151.98851, +77.00419
175.68233, +8.97422
182.37698, +48.90036
229.60837, +72.92545
230.38896, -7.44768
263.83694, +68.09886
43.92792, +6.34842
95.69019, -65.16494
282.68588, +84.58278
358.73575, +30.21144
24.55783, +36.60938
151.34087, +19.28622
251.59085, -31.12045
307.62805, +1.86641
329.07312, -29.27357
25.17435, +20.83989
39.31877, +7.33582
60.15477, -84.36672
108.48555, -28.66911
319.46448, -22.83890
55.53075, +4.23319
274.52490, +39.82525
11.66124, +36.33135
23.88048, +11.95343
36.68792, +22.75126
39.72226, +10.29452
72.30257, -54.39865
80.46169, +52.83801
108.90105, +26.16196
197.12527, +84.63046
252.67815, +4.60504
308.67642, +7.98942
308.35703, +16.07567
355.59634, +27.33186
4.34882, +18.08417
4.64313, +30.03627
73.65896, +69.71493
166.10707, -4.25365
194.54501, +71.42014
208.18704, +25.03996
242.92674, -59.99883
275.76721, +29.90139
354.33371, +26.87795
356.27585, +29.06391
82.32497, +55.78199
110.01844, +85.58721
166.68088, -4.74343
221.36586, +30.42894
321.79315, -23.01816
359.40689, +18.19092
31.21149, +11.42280
47.83051, -8.90241
51.57468, +4.54105
122.12049, +11.17856
170.65492, -69.44238
346.73492, +5.96153
12.22426, +9.71691
18.60944, +42.55629
28.14788, -16.51779
38.30967, +25.50611
137.37730, +45.95230
144.18968, +31.07549
175.98959, +19.95375
207.69450, +2.30701
270.92496, +67.05202
281.86224, +42.99263
317.44498, -43.57712
20.78113, -32.68296
61.40389, +11.30197
75.79794, -20.31673
239.59122, +2.96250
304.92365, -39.28860
305.02985, -19.70757
340.45312, +37.71920
145.53085, +48.15490
172.76427, -9.61901
244.57129, -61.19502
260.99313, -80.06407
311.84818, +13.08591
44.64338, +6.34417
246.30449, -62.05498
255.28688, +6.85758
260.12637, +52.64300
332.26212, -75.04885
3.63271, +10.77464
39.25880, +20.42743
39.90218, +42.01537
176.36104, +9.16073
212.43941, +78.60109
216.57382, +26.24611
315.49316, -13.17294
339.64487, +35.42754
0.12939, -50.15420
133.14722, -78.52038
178.43640, -5.42673
202.44040, +33.35261
210.83711, -41.37771
280.71188, +39.54906
301.68964, -1.74163
44.34803, +16.09520
75.64374, +0.24481
78.94906, +6.32291
108.36246, +27.51383
153.30214, -5.62900
207.06628, -30.57522
231.82372, -65.64847
260.66254, -59.50727
340.91714, +6.12194
39.25108, +25.62534
139.37930, +41.99408
187.68649, +57.30027
198.40286, +78.24172
282.60886, +73.34541
73.19238, +4.39225
335.99783, +8.90292
30.74544, +45.02376
36.56041, +37.29199
55.22596, +15.63395
193.27713, +36.81960
194.48204, -53.31878
195.07518, +80.06868
202.94678, -36.04597
234.48911, +72.55427
247.10423, +41.16853
253.32161, +81.64763
62.30537, +71.72509
74.08866, +11.03540
91.68732, -67.11726
115.68851, +66.25835
167.57773, -69.24206
274.18161, -49.79847
117.13148, +65.33660
124.36044, +64.54610
190.24350, -36.73189
273.99271, +13.78534
9.03878, -7.69844
34.71355, +33.72437
41.50490, +28.02804
42.14902, +14.26525
241.57652, +2.17053
321.48175, -22.76008
349.10364, +24.49703
355.27655, +25.16906
359.86972, +1.58333
35.82972, +53.39299
194.37505, +28.18715
212.17186, -55.23511
335.37000, -22.26263
347.41367, -72.02599
354.00623, +23.03847
356.44757, +27.33921
38.16866, +18.46593
98.41572, +40.68780
176.28882, -71.84079
176.98795, -11.85232
210.07674, +5.04505
261.81760, -59.94914
279.24350, -67.27415
30.47046, +23.55151
128.59787, +32.43483
298.48590, +2.06804
2.11731, +10.20552
40.44887, +8.38473
176.46588, -33.54841
182.12924, +69.54483
256.24277, +9.93091
312.96451, +16.22002
320.31790, -46.15279
332.31305, -35.10154
335.73196, -65.80289
67.20788, -46.96511
68.21124, -12.90984
79.19587, +6.49825
106.23123, +24.15559
158.81070, +11.92405
240.70985, -61.16868
8.37838, +22.90287
12.66477, -79.86738
215.39743, -4.54715
254.98764, -11.11086
270.51526, +29.10582
19.05248, +25.19163
37.29050, +6.85875
63.90189, -52.60116
124.49476, +2.20259
151.48305, +58.44899
237.44005, +28.54711
294.65997, -56.45792
334.15506, +3.41289
341.55521, +10.16077
348.76120, +1.43555
1.48834, -36.11369
27.82825, +34.87287
47.38278, -49.59624
315.93118, +16.04962
350.24298, +19.31805
2.51257, +28.15031
33.05737, +29.72658
109.86903, +55.60896
164.69527, -9.84520
174.79176, -50.66896
244.93694, +38.23447
273.40518, +76.34135
17.37407, +19.86493
232.84265, -87.43782
252.73418, +59.71891
301.14050, -39.11996
43.33689, +3.82620
44.46096, +6.05220
50.52222, +42.17030
58.41099, +40.88912
65.63682, +85.83800
120.75086, -58.70579
228.12914, +65.89012
311.42148, -4.95011
359.28491, +12.45759
16.94656, +32.30986
19.18237, +16.39997
109.63264, +27.15799
240.35785, +71.39877
279.04208, +38.16046
34.28027, +1.28245
53.24620, +15.87459
237.21790, +69.64415
265.06839, +51.05692
5.42660, +22.31088
38.59836, +45.00281
43.73367, -21.89818
44.29205, +45.39518
73.42921, +64.46972
75.38071, -22.98266
99.23610, +19.32232
152.75040, +9.84691
195.65706, +50.43839
359.27661, +29.83905
21.51260, +11.44298
25.66075, -4.86148
174.45442, +22.02615
196.79961, -57.21009
255.21480, +28.02224
0.66626, +8.73699
2.73749, +25.55990
14.97205, +31.82700
37.12638, +38.35346
51.91601, +40.89687
133.40329, -10.66757
208.48666, -53.90425
344.29135, +8.50563
356.81369, +32.78275
34.45592, +35.80680
78.20411, +2.71868
209.65114, +13.48288
1.55569, +54.53201
2.80799, -33.38044
110.15785, -1.57555
347.27472, -61.43842
3.61269, +28.51400
33.90801, +1.66198
38.63736, +33.94192
111.08167, +32.59118
165.04767, -5.38148
177.41875, +48.42598
196.57645, +10.37684
226.78265, +65.93495
7.89931, +14.61232
49.01611, +15.58785
92.40388, -20.10290
110.34189, +55.79853
281.38184, +40.68196
294.18942, -32.56561
323.14529, +2.69524
330.59518, +18.31872
1.06264, -50.64602
27.44458, +11.70137
45.58380, +41.98482
110.57378, +22.04528
174.62610, -8.97615
200.39136, -47.84458
260.63425, +38.49561
284.51456, +43.93584
296.90048, +49.82454
328.44473, +10.05195
347.28918, +7.50710
22.10190, +16.45932
210.68066, -54.49863
314.64151, -49.29137
353.43860, +25.78646
37.71978, +22.38276
45.04390, +18.90269
106.47017, -37.25290
164.25920, -4.26433
239.26437, +63.84083
29.20798, +4.02561
71.39612, -16.02136
116.64985, +44.80468
158.93620, -27.00019
227.57030, +1.93340
235.80945, +28.35627
340.13043, -74.92196
40.29200, +8.44238
68.95191, +2.25827
105.27087, +51.26966
113.48794, +14.98548
128.77553, -3.09653
147.51662, +31.74597
195.51706, -7.60318
205.55212, -5.09186
300.90240, +7.00025
330.80286, +4.29758
36.43834, +37.23172
44.23380, +41.97870
14.91533, +29.33744
19.95174, +32.76793
89.67080, +51.59916
132.65733, +40.25135
255.39134, -28.20142
269.53806, +3.73473
330.53983, -30.45863
331.78278, +67.69053
352.01743, +24.82171
9.87299, +29.76255
109.92694, +55.40787
185.67401, -54.35440
254.56453, +39.39150
311.40674, +22.74357
8.08014, -24.73339
137.12465, +35.61491
350.15527, +16.20897
14.21382, -63.48104
31.90632, +2.18073
117.00409, +85.55186
159.40096, -52.56980
186.03099, +6.60748
241.99863, -39.97475
262.48334, +24.88383
264.94009, +2.82789
271.43964, +34.75132
291.65585, +49.75844
333.52621, +13.48694
337.11414, +19.50806
358.06772, -29.44772
28.93224, +17.99874
40.05801, +17.88257
229.37408, +7.86168
263.32016, +43.62922
20.11736, +38.15560
43.56896, +42.72592
85.33567, -26.25927
178.92725, +80.22388
340.70779, +32.99363
351.14334, +9.26725
358.40695, -18.21461
27.50008, -6.48785
83.81850, +13.54864
172.61673, -8.10265
243.10081, -60.96955
254.47038, +36.40870
117.43020, -38.18864
123.66203, +58.02330
125.89266, +21.34766
177.75934, +20.79972
0.51302, -45.35804
7.59891, -48.68461
13.84455, +30.48720
44.04115, -13.68782
52.29292, -22.02126
68.81445, -54.31589
250.27849, +62.39987
21.00938, -38.63279
28.05294, +36.09732
29.15343, +5.80414
202.48170, -54.66367
223.34215, +63.67179
311.65674, -2.36381
343.90408, +19.17451
354.65106, +27.02965
356.83780, +1.93356
358.12509, -28.34248
45.30257, +41.71770
97.26829, -27.32740
191.01439, +28.90105
243.76181, +61.78205
268.66376, +60.81791
274.03903, +42.65633
329.89240, +9.40470
340.41135, +2.63933
348.41879, +14.02094
359.00809, +7.52316
96.20320, -37.35577
155.15718, +57.20751
349.26404, +19.14120
355.99036, +2.74539
36.32272, +4.44348
38.44576, +30.18940
50.07184, +39.56127
79.23373, +51.53236
215.92046, -19.44388
320.93924, +79.89358
349.83975, +19.02116
7.64251, +13.36629
36.87913, +21.98433
38.46158, +11.20349
84.05845, -16.67085
88.68203, +37.46030
118.86517, +23.74741
151.22607, +37.35879
167.82515, +35.38558
229.18781, +7.05561
325.90649, +2.63505
7.32727, +2.87043
31.49249, +14.91951
46.86688, +2.53060
214.80057, -26.82836
217.66968, -28.67310
25.09108, +37.20819
39.33440, +7.43981
251.87231, -29.31849
354.55435, +32.33507
61.18385, +2.42530
115.10350, +14.81741
255.04765, +28.27948
21.44874, -1.34453
28.31141, +36.33400
79.15157, +6.48858
80.43732, +16.83153
91.78688, +64.67333
215.75879, -17.68499
247.28461, +8.09024
285.76443, +63.83329
348.94043, +1.02782
97.18748, +52.57124
144.64212, -63.97293
204.38322, -53.32268
32.48550, +38.17840
311.39145, +57.09621
326.21716, +1.53673
6.81763, +39.79235
36.30865, +20.95526
49.06729, +12.93172
128.02997, +3.63537
244.95061, +5.16163
22.08516, +39.48871
65.93758, -23.08270
68.62152, +71.46722
228.96083, +69.27356
38.61549, +7.74055
127.62153, +69.02838
127.72588, -30.09796
173.45778, -4.21897
200.80785, -57.15527
238.96530, +39.76706
254.31715, +27.84963
313.94714, +25.79973
351.99490, +8.78282
90.95146, +43.52827
125.43358, +4.54705
125.45393, +56.28991
243.54428, -60.74218
269.59207, +9.68986
279.21744, +51.53074
59.24226, +8.51351
95.03170, +28.17726
342.20331, +18.56319
220.55577, -6.20053
254.68365, +27.85919
336.56897, -4.34139
41.37404, -62.12506
137.79056, +19.66748
174.19069, -22.22229
281.32526, +53.00326
28.08015, +31.53736
83.84086, +2.88831
170.21045, +19.37399
282.93143, +26.55486
299.58786, -36.41191
307.45486, -2.02896
21.55221, +33.40511
79.82825, +1.33467
92.73025, -33.73854
172.77957, +21.28020
265.30515, +60.44975
334.76715, +33.32944
19.25531, +32.67036
103.31535, +59.95938
144.57854, -39.01448
324.10513, -15.04299
327.77240, +2.77378
351.60281, -39.21598
7.30168, +2.87262
163.78142, -2.89075
250.28249, +2.63451
260.63553, +8.35612
5.35830, +29.62949
56.23270, +5.90518
97.70733, +29.42308
116.53814, +10.65987
159.12109, -27.48402
164.52386, -4.75913
200.21812, +57.64476
240.98201, +14.90250
248.81424, +52.78040
19.37213, +14.70251
42.46247, +41.56810
49.01187, +42.92154
104.00175, +55.40077
120.00571, +8.00620
164.77824, +1.88120
242.99788, +61.17681
243.28452, -61.42575
86.03307, +4.22278
112.12839, +56.82859
196.95961, -0.86830
334.91174, +35.52362
356.13690, +8.82966
36.60690, +22.99595
108.06300, +7.24101
111.65401, +33.82382
114.86713, +55.55029
182.63583, +0.67754
216.33571, +32.48233
225.84218, +10.65599
278.39035, +40.04893
286.15399, +49.64164
314.11481, +12.04127
354.56088, +7.80839
29.50526, +3.45450
41.74026, +39.01265
94.06961, +69.17374
107.97294, +5.61510
300.50555, +53.79842
324.82275, +10.33393
342.20261, +33.23626
0.18332, +28.40145
34.34114, +9.85167
152.57640, -40.78904
247.44701, +8.64423
328.64221, +44.39759
357.82709, +27.29358
10.74160, +27.25369
151.58199, -1.81121
210.59715, +38.71035
225.03580, +14.21268
311.28091, +13.39661
330.76810, -50.44194
353.20581, +27.06575
38.32678, +1.32022
53.58150, +39.59395
14.48076, -2.42789
44.08649, +9.66623
79.42908, +6.51554
91.29472, -49.29976
109.75708, +52.87675
180.13074, -21.32181
341.90585, +39.87911
44.81714, +6.13355
68.32790, -13.51315
98.41650, +40.66693
314.23605, +6.81770
337.83871, +39.36830
50.69490, -29.26532
151.19565, -48.74110
228.89973, +69.31581
251.72493, -77.48871
20.64347, +50.05499
44.97235, +41.54506
68.20620, +14.21476
96.04764, -37.24372
104.29352, -62.81952
120.52125, +56.91666
142.43283, +21.43395
198.89590, +62.12467
201.82338, -27.16719
315.37933, -49.39413
100.89970, +57.62006
180.13051, +31.94760
311.89767, +20.80513
340.21780, -27.18268
20.39520, +33.60035
78.66195, +6.46030
276.57971, +32.58888
347.70917, +9.14430
54.83738, -55.08798
82.60912, +16.99723
102.46384, +28.37107
151.64339, -32.85621
303.93152, -21.51628
339.21417, +19.47156
76.42048, +4.48018
77.42236, +19.81958
164.73840, +1.43698
231.55380, -30.20135
279.71637, -71.78918
336.23050, +9.51605
357.87485, +27.23624
16.77469, +32.34813
32.80748, +25.81084
108.03736, +41.78247
230.41806, +8.41555
353.85880, +7.32214
358.47894, +23.06891
1.19095, -16.03060
51.92805, -17.00571
78.08906, +16.51389
88.93620, +85.91471
185.75854, -13.22368
197.34387, -56.36687
283.59763, +24.65216
19.05168, +33.06412
164.52003, -4.09406
222.80162, -20.44075
232.39349, +82.42182
332.89975, +10.89197
335.93756, +11.83579
354.79648, +5.48444
54.14171, +72.09581
78.90255, +7.19876
181.42648, +8.98947
106.19587, +37.07195
114.97999, +75.42479
221.88885, -19.32990
25.27864, +38.64709
107.36823, +50.15250
112.79075, +13.05960
133.72922, -55.89150
248.67334, +46.39217
259.31766, +38.89695
326.04285, -30.00267
337.20621, +51.05579
345.63794, +32.59432
44.51408, +35.25768
79.39738, +6.59464
129.15076, +25.13696
206.11833, +35.19232
246.13127, +73.33694
130.74071, +64.61292
316.01074, -68.24490
17.06987, -46.75404
125.02158, +67.43616
184.37625, +77.27903
268.82278, +66.54030
15.18950, -40.10553
40.28470, +8.21658
154.94044, -50.04608
199.71201, +72.76556
201.16682, +32.56313
221.35216, +38.77989
242.93890, +60.16469
247.18944, +82.88907
263.72971, +20.59373
283.79526, +39.96636
333.56839, -27.03937
354.67514, +9.05728
2.93793, +28.49899
6.80946, +20.07222
55.29165, +15.48358
79.40218, +9.71720
107.53855, +28.29437
117.04572, +28.23030
180.43713, +20.32823
246.86926, +54.69011
276.52988, +3.02715
1.64026, -50.51980
4.65935, +7.51774
140.82057, +72.06361
312.43570, -51.94958
16.39426, +31.97127
56.16208, -59.18658
71.65556, +0.62090
72.65614, +6.00883
126.18668, +61.54335
140.86151, -63.67918
176.60818, +34.85257
193.61247, -14.70222
246.93831, +38.40681
316.98752, +59.17976
354.61243, +4.80141
9.53035, -2.71792
169.40373, -3.17086
187.34372, +11.43383
196.67029, -41.01561
224.09459, -69.50532
283.00137, +55.72499
353.39465, +4.46604
5.70776, +6.81738
82.20628, -14.35622
223.82440, -6.04013
252.93903, +81.59169
293.36902, +62.08818
315.40308, -28.05654
342.34744, +40.23285
65.33335, +0.82950
65.84772, -15.74434
157.48701, -3.25110
184.71205, +7.86189
239.72246, -66.29847
242.64505, -60.49667
319.71921, +5.84964
44.84045, +39.67477
241.41666, +18.05575
32.65726, +5.87005
180.48117, +6.68442
341.57791, +15.88444
355.99054, +29.11534
79.93706, +4.65787
93.29528, +46.49633
113.87192, +11.71792
147.45770, +38.83814
251.80659, +53.56116
259.43396, +40.69780
352.21518, +50.00367
277.27078, +6.55307
327.94739, +3.01704
327.97665, +42.90455
334.30331, -48.47359
340.85944, +8.68501
13.06247, -27.32825
13.14784, +11.79756
34.56321, +13.20438
104.91022, +41.19365
265.79889, -5.63382
313.55267, +10.54979
31.60815, +3.70598
36.05982, +3.26855
45.42259, -10.91167
52.17967, +16.21574
80.08426, +9.62229
126.88319, +2.88547
134.52417, +12.99202
147.42270, +0.62125
181.85547, +16.88909
201.86403, -27.49029
207.23653, +74.25003
210.65150, -53.09760
314.35901, +7.46732
41.41764, -27.92830
94.34729, +66.53342
279.10098, +10.31293
37.16634, +23.79646
267.42868, +60.37178
291.10938, -32.22404
332.56171, +36.65533
349.90564, +1.47872
75.89268, +4.68026
192.70706, +77.31478
251.58615, +81.42834
351.63608, +2.32008
354.10828, +27.39839
118.32513, +8.92170
140.62311, -61.59031
185.01859, +75.49739
228.39844, -48.47766
245.73582, -59.49434
261.94583, -62.03181
274.37363, +18.90363
278.66211, +32.53360
43.33971, +6.53948
108.73522, +0.75908
133.86604, +42.02413
165.07944, +6.21635
249.98927, +62.00499
278.29794, +52.94875
356.32169, +9.27104
346.85535, +22.80956
166.83685, +18.43352
169.97745, +72.88250
178.34274, -13.26486
190.18726, -5.30254
203.16393, -23.51100
233.64226, -16.62917
243.54343, -60.85031
18.89555, -61.26016
108.64000, +55.25774
155.03696, -21.72191
204.42142, -15.10402
246.74054, +3.24137
263.57568, +68.01913
328.33444, +25.51136
342.84033, +32.35045
75.53770, +3.53055
89.91125, +60.73354
237.34846, +71.17267
345.53314, +25.66977
353.28998, +21.23730
122.90323, +76.42165
222.85141, +6.80135
243.44598, +63.70908
264.22226, +68.17149
332.86670, +1.93571
17.19291, +38.81686
17.50186, -61.46802
27.43209, -34.83107
29.49959, +4.39506
149.65462, -47.08334
200.81285, -31.45992
43.69292, +15.65786
74.05568, +27.09175
74.27133, +19.22819
241.84137, +10.36599
259.86981, +40.92299
280.67401, +35.62637
281.44531, -62.99863
327.92252, +46.61916
348.78690, +30.94663
352.57971, +27.13366
11.13009, +16.83947
40.19396, +1.34315
73.37171, +63.85577
80.56843, -45.98716
107.69130, +52.32326
239.11891, -36.89964
243.57042, +3.99390
249.08147, +10.36539
354.43750, +26.50496
105.59247, +80.95309
105.70923, -36.54295
176.31543, +19.39215
176.68814, +70.65615
183.12646, +45.68547
317.32617, -27.18505
15.82552, +14.03775
17.42700, +32.45139
107.04023, +48.92949
111.68044, +56.66714
114.16509, +53.19249
168.35168, -4.09746
240.27136, +71.49443
242.40634, +28.05188
257.53271, +32.29412
333.32004, +47.59206
37.66462, +27.15886
41.89978, -21.09315
53.54393, -19.55831
86.25735, -26.19451
94.31590, +28.45337
117.94833, +71.02675
120.63712, +61.38823
137.08844, -64.70058
264.66583, +38.74390
28.10372, +33.50749
30.06232, +24.25277
44.42558, +5.43222
139.74146, +51.36970
319.89395, -45.38475
1.32762, +32.97748
34.09733, +31.99948
107.72887, +55.15944
119.96790, +5.60839
158.04129, +73.77094
228.32191, -18.13663
1.37146, +32.52630
8.54106, -7.60209
39.15772, +34.60752
123.09354, -21.53109
168.32054, +76.92957
241.67284, -61.60093
307.53119, +3.05165
21.68329, +17.26447
42.87889, +13.57496
110.39866, +55.58741
141.48450, +49.42955
267.36102, +36.14523
291.34558, -32.21837
328.86401, -47.05395
0.93660, +4.29811
110.81192, +37.35910
130.60052, -73.87970
167.22714, +2.67725
264.43155, -5.57047
42.45872, +22.75365
61.78093, +34.43365
65.55899, +83.31248
237.08005, -61.71545
353.12485, +14.81688
357.98242, +16.55762
50.06743, +47.55108
70.08852, -44.89025
101.46503, +45.45614
113.31455, +55.04667
175.22606, +56.20223
236.81970, +66.19911
21.00170, +34.76896
78.06121, +75.91711
270.32416, +39.70785
273.13300, +25.43538
348.18082, +15.90325
80.40217, +15.38104
340.30792, +18.79147
1.18562, +26.83246
16.26109, -46.38401
158.49846, -27.33627
317.83746, -23.17374
330.56229, -31.22012
30.44657, +8.47677
30.92107, +26.27691
31.63989, +44.37701
162.90607, -17.12475
226.69084, +3.77265
260.09326, +11.31775
315.10901, +16.86037
44.43584, +5.67208
104.89176, +33.02409
108.32483, +26.09381
118.49171, -39.82587
228.70544, +5.54842
242.88992, -60.76366
243.47293, -60.79702
335.82803, +5.53386
56.39399, -54.52796
256.86227, +39.15153
282.84158, -52.58984
10.72285, +33.52271
15.25233, +13.46829
28.72941, +35.87439
161.22572, -70.50733
173.17989, -3.89629
238.39822, -67.58807
328.65521, -55.77438
342.71561, +12.55931
350.67798, +4.22098
0.22083, -43.39207
8.05058, +31.41641
68.37905, -13.37944
78.97364, +7.16952
212.55956, -6.82231
346.39877, +19.20875
128.94978, +28.75320
129.58221, +69.01995
237.08324, +74.52505
13.73870, -32.02110
95.47978, -64.81688
198.98070, -55.91240
331.97867, -35.50541
346.36401, +21.16198
111.18902, +54.57449
170.00653, -1.68486
256.21243, +12.92486
336.08820, +22.23303
348.68329, +10.41786
348.72137, +23.28292
350.91010, -19.00979
48.77112, -54.81899
80.90560, +19.24061
90.08934, -57.93924
141.94153, +23.93312
260.00003, +24.92764
86.39555, +73.60903
92.53971, -34.10619
144.89067, +11.51080
151.90018, -2.52815
167.31487, -70.25478
336.20908, +38.82846
47.84433, -10.68502
60.86058, -51.82903
103.29932, +27.08016
107.81730, +39.70770
130.66533, -84.50616
200.09460, -4.30129
204.38785, +61.03065
215.24336, -22.75661
9.48952, -9.25258
68.22054, -13.37597
72.29678, -62.35971
125.32272, -25.77506
172.77612, +3.13082
256.27863, +52.70616
257.30057, +40.92259
59.68469, +27.76949
86.96971, -25.14960
349.49097, +18.75216
1.83269, -7.74077
14.21464, -1.27243
32.62874, +52.29631
102.90398, +15.37981
110.29944, +55.04143
140.29459, -29.91488
188.20007, +37.62178
235.98778, -33.93430
264.67300, -49.23995
322.63773, -69.55159
352.95139, +24.73505
23.91048, +35.46700
28.87272, +36.56188
35.15023, +35.33384
269.17941, +65.26302
352.61252, +30.22189
9.62327, +1.71029
44.13567, +18.69648
48.95989, -58.57425
104.68178, +28.38297
219.55347, -52.74797
247.47023, +24.44384
352.87027, +32.48172
357.83701, +49.07842
357.96844, +29.26239
14.68715, +12.74837
25.31454, +34.81147
41.56135, +39.35802
52.96849, +2.28220
61.31796, +39.23363
164.47321, -4.90494
181.27289, -5.54482
196.04424, +78.38799
233.78172, -39.18983
253.35037, +4.23627
29.77501, -67.87014
31.22417, -52.11105
45.64043, +2.19453
216.74815, +26.86395
338.70575, +18.63850
20.54132, +32.21590
20.90842, -32.13673
71.80584, -15.92314
358.61060, -1.93290
13.67845, +21.52263
39.73871, +35.60171
75.76769, +0.25525
111.13993, +55.60000
128.86069, -25.80383
155.64337, -5.61884
228.26411, -46.17922
282.10953, -57.18373
292.81772, +42.19885
9.33839, +29.14933
263.76141, -8.58014
38.10895, +39.40760
101.82065, +25.96569
161.78566, -2.35889
205.43228, +55.67380
273.41156, -57.73255
301.43643, +6.73657
312.22150, -53.03960
356.10208, +9.16461
14.08802, +39.82582
39.78923, +18.36747
54.30241, -31.99978
194.94307, -37.52425
264.57425, +13.80912
271.24762, +45.46494
278.41498, +32.13967
338.28064, +72.47859
353.06555, -30.24864
16.48316, +4.09022
36.43602, +41.79942
53.65645, +12.06481
110.94164, +56.58179
263.40433, +70.84280
272.90274, +74.20217
325.54379, +2.65393
8.48090, +7.27909
24.32054, +28.89048
54.58925, +64.32307
88.15179, -17.78727
99.43536, +67.84231
120.19604, +29.74781
153.35963, +38.65766
202.71545, +10.93923
79.02361, +5.57480
111.43169, +53.22910
332.21478, +44.53984
9.81546, +6.68851
10.04502, +22.71581
44.81821, +7.30522
118.29321, +8.95449
150.98761, -6.49650
255.35118, +81.68348
255.48366, +28.38809
276.73877, +56.08774
288.94260, +43.44072
110.46454, -48.80380
152.83286, -0.02289
236.08957, +41.08641
254.61467, +59.11956
333.07108, -62.72489
335.63181, +2.77515
17.65885, +30.43955
190.65038, +78.12236
269.80814, +56.23177
2.89543, -83.88375
36.42004, +24.96500
124.00569, +58.33407
149.42792, -5.10348
151.83403, +10.36117
173.63304, -9.53345
197.60802, -51.62271
235.93176, -66.47406
315.83276, -72.68788
349.92236, +10.18500
0.89954, +10.60383
24.08441, +17.81620
68.88505, -13.55644
243.69850, -61.19522
294.61884, -51.78701
329.53821, -48.51383
12.52393, -12.18431
37.80324, +43.35839
69.31955, -44.51992
148.78516, +14.29142
150.21275, -65.10277
198.05109, -56.74525
242.66942, +2.11102
260.67844, +48.19279
267.66391, +17.20930
331.68298, +9.35206
357.07541, +2.34229
18.30587, +8.86514
101.76190, +40.02205
127.09373, +25.12500
174.06395, -70.80756
189.61632, -23.64021
243.60449, +10.51491
278.51031, +20.30397
77.51854, -14.94696
108.12106, +28.59569
120.46331, +61.41314
134.27821, -24.75038
201.70581, -36.75647
319.52634, -46.30073
335.16541, +35.22227
57.38552, +46.99400
101.44301, +46.04914
113.82687, -50.25002
166.66483, +15.04093
357.74991, +27.21906
119.55775, +8.15044
144.82191, +36.56229
155.18251, -37.77957
355.14005, +27.24231
71.93896, +1.81927
181.12617, -54.09267
31.24018, +21.11717
40.85818, +31.47089
157.14142, -50.39194
280.56290, +24.89757
358.97366, +12.19002
21.04318, +28.60646
191.05156, -34.15231
260.37762, +44.46681
267.32874, +63.75883
68.06090, +1.72660
110.31426, +63.65058
122.52946, +57.83688
197.92227, -5.43995
351.47125, +27.00745
10.48713, -32.97026
18.24594, +40.02135
93.18070, +47.51423
110.80377, +37.45915
112.67889, +55.53580
135.96391, -56.29651
236.68697, -42.34104
248.73889, -62.45354
7.85879, +6.20675
17.69699, -45.75656
21.78708, -20.03662
34.63114, -6.60357
61.37659, +4.44540
79.24664, +0.92208
318.94043, -42.42712
342.16992, +27.61105
351.91617, +22.75891
3.11122, -27.46962
35.98160, +27.49281
37.23056, +28.15125
106.85622, +18.50907
113.67918, +54.82592
149.78769, +50.98797
166.34962, -2.52828
251.56497, -14.86820
260.92224, +52.01109
317.95047, -19.75085
86.41429, +58.59941
181.18820, +31.15943
193.49861, -72.04541
327.12268, +29.39651
337.99484, -25.36039
108.84660, +54.98710
162.71703, +1.16534
220.09943, +6.30720
266.44821, +60.89746
339.95599, +38.21542
7.51872, +38.32815
51.79506, +46.94342
78.18907, +6.26806
78.56213, +4.92959
104.12721, +27.95234
120.01678, +23.43785
245.40320, +58.69854
336.18109, -13.68578
359.97498, +46.88516
21.62855, +34.67548
31.41537, +39.83941
40.50822, +42.54705
75.22838, +1.37251
108.68569, +54.97229
120.76215, -59.36852
185.41159, +15.74519
201.60905, -25.40632
210.78198, -34.15534
243.21164, -60.64335
315.57074, +15.13176
0.49125, +21.62112
36.66081, +37.13623
38.85199, +19.94121
79.42574, +0.23305
213.47385, +20.97902
358.32812, +3.71786
16.84744, -32.82903
264.07172, +22.89316
332.24918, -35.14779
340.48309, +20.26147
130.70197, +45.64078
150.52901, +11.48965
157.35268, -3.74606
187.91084, +27.49556
244.47884, -61.21624
266.53128, +35.56939
4.15521, +6.63418
108.83340, +26.08898
243.68771, -60.92662
244.49382, -59.26027
26.15974, +38.20277
39.90480, +10.84367
66.52296, +35.20881
243.19386, +4.59810
247.58481, +8.62883
259.80682, +49.97679
320.34137, +29.45344
327.02222, -53.99477
331.80170, -29.83747
347.39346, +15.65474
17.83837, +27.92860
198.07356, +26.68613
300.28287, -23.87257
357.17383, +2.23975
19.28470, -61.46464
180.44318, -52.93512
249.18761, +1.67993
332.96509, +26.14924
346.69278, +19.12209
336.45981, +17.66930
340.14029, +33.46645
9.79260, -8.39710
28.13571, +36.11517
117.54752, +34.41530
119.76751, +59.13671
197.49814, +30.03973
228.28448, +4.49718
288.88431, +42.90985
323.41852, -36.93947
0.39929, -27.57649
30.90454, +15.74679
59.60236, -52.14089
214.35425, +8.04996
34.50145, +31.88181
45.49988, -23.82395
55.81070, +15.47979
251.46788, +5.34682
271.46979, +34.01716
356.88254, -28.10711
16.74253, +32.30846
24.28043, +4.88525
59.42744, +6.30002
123.92401, -23.06543
124.77305, +68.20223
154.51390, -3.79480
333.33844, +38.83094
333.60083, +15.37661
334.77631, +24.59821
51.26749, +2.89667
220.57495, +25.50931
335.44846, +25.32030
2.04280, +27.00424
102.52618, +20.23418
160.58121, +6.20132
193.34407, -22.68785
213.26715, +42.00529
232.35893, +82.58394
251.90198, +8.75294
268.57822, +18.94847
356.56912, -25.79152
16.88513, +70.38660
48.77777, -33.73030
182.68266, -52.53306
186.09991, -56.37773
33.10243, +8.61854
38.84378, +37.48584
41.49696, +41.32184
54.86767, +13.39305
151.27698, -9.97222
155.07072, +78.46642
177.83083, -5.66215
200.11613, +14.53379
275.24969, -63.34796
280.11215, -61.90235
350.90479, +25.19375
15.63167, +33.98061
29.98036, +24.31222
37.45839, +9.84814
43.31882, +47.57093
43.46847, +2.29067
165.73917, +50.67018
236.00803, +27.69935
315.77942, +16.03066
316.94122, +3.87764
2.90889, +27.94792
50.87415, +1.32419
55.82243, +15.55613
188.56165, +11.07159
284.62805, +58.60226
317.81271, +3.52235
4.32247, +30.20915
28.45860, +36.78748
36.07528, -79.92539
66.64148, +28.60764
85.84598, +69.43098
129.24718, +1.79209
262.97601, +6.50192
3.64186, +5.23424
27.49139, +22.01222
43.83271, +6.12461
50.30661, +7.44345
55.66326, +15.64346
68.80014, -54.20568
156.03200, +0.14198
191.94357, +4.33608
230.98175, +46.59957
43.97434, +41.74394
56.89799, +72.66601
73.68368, +1.34880
258.62650, +23.05942
29.42424, -26.05525
165.45428, +44.44818
210.39342, -23.13871
239.46007, -22.49421
244.38690, +58.33771
4.27107, +42.16136
12.55410, +24.49762
14.11233, +50.62217
19.31486, -50.93128
22.43982, +16.92649
253.05373, +81.62012
292.32236, +72.13727
314.34845, +17.12901
78.37627, +7.41907
201.90491, -55.81845
254.04372, -75.75610
13.53545, -61.92855
49.27837, +31.58339
49.96802, -2.59204
166.16246, +5.20057
173.67424, +48.94441
315.05609, +9.55911
17.01231, +31.67495
38.22621, +25.09326
116.78005, +62.38252
219.44786, -51.25880
246.72182, +51.55509
263.37781, -53.63661
314.40289, -38.48258
346.87656, +27.68341
353.51950, +9.71389
95.45996, +27.16831
109.51315, -29.73343
202.43541, +33.33908
256.77988, +8.92686
261.39017, +20.77370
298.24765, +42.09649
15.19119, -85.52295
92.14404, +62.64825
103.18362, +55.59528
200.06264, +30.89979
282.68567, +33.95978
324.27292, -70.98255
338.65378, -22.48508
30.95420, +43.00219
39.53148, +1.38839
52.22400, +40.03634
86.20692, +9.67771
96.29048, +28.55373
113.32587, +32.54602
199.61079, -15.76959
312.03204, +16.38323
76.20724, +76.86585
105.60869, -28.71002
117.49370, +55.92436
156.35809, -67.65292
313.45178, +7.84643
17.09562, -47.09877
68.04195, -10.64387
234.40627, +73.25684
318.54044, +2.99377
325.11459, -63.95407
20.70278, +33.96862
79.63369, +6.38381
105.50985, +27.82823
113.47131, +49.29197
177.10712, +18.94011
226.76718, +21.21066
253.99727, -1.25037
260.78070, +12.90661
277.35345, -77.00203
335.63263, -38.63204
345.74652, +16.60443
3.94998, +19.98293
90.81245, +52.05258
107.91665, +7.34656
190.05386, -5.79928
243.07297, -61.40281
246.82253, -60.07357
281.48892, -72.63003
339.58972, +35.95913
55.31524, +15.35856
123.47061, +64.33720
206.99026, -37.94215
243.08841, +4.60662
62.84118, -46.00754
66.71043, +40.47395
167.02513, -5.16720
174.21475, +20.00497
176.49773, +20.44720
205.21681, -28.08881
217.15953, -3.33147
333.71503, -34.09359
357.13272, +24.60355
37.85899, +1.34627
341.37076, +21.80795
355.17722, +27.17805
42.25470, +15.73328
122.59341, -18.28609
193.02094, -9.33336
231.60666, +42.35402
326.56952, +9.68554
5.30532, +30.47436
5.31687, +30.50601
64.77476, +26.17995
84.14657, +50.31287
129.59593, -55.17814
203.79207, +75.02831
211.82018, +75.92932
239.10210, +42.39555
275.18738, +38.14288
338.38898, +30.80480
347.66217, +9.18890
342.21188, +27.96264
34.49905, +35.76322
76.99358, -77.35958
79.80300, +5.87813
109.95545, +6.57722
113.09857, -5.81231
123.71638, +0.06628
218.38350, -33.80445
264.80789, +63.96141
355.67709, +8.49011
358.32651, +27.70540
57.68958, +74.12666
91.40054, -19.00777
195.39059, -53.27441
36.24560, +27.52383
52.20330, +40.16849
99.90318, +43.37135
313.86627, +15.50564
319.24191, +83.82124
338.67328, +51.15293
352.61044, -17.72821
26.12723, +17.10247
35.88096, +27.32332
69.57954, +72.28143
93.85538, +34.04271
103.34624, -29.36992
170.55489, -5.80577
345.13443, +13.03429
13.29960, +31.64853
42.47399, +16.98485
54.46736, -19.00836
105.60857, +19.97017
257.90866, +49.56384
261.32687, +23.31674
280.60931, +32.37553
69.44174, -47.25331
170.08376, -4.45421
255.37131, +30.32510
283.40204, +66.23209
21.27950, -38.00775
57.63612, +36.53246
65.27841, +66.07570
66.10765, -53.40189
118.57560, +3.38323
168.67799, -70.95335
229.92032, -48.96288
259.08917, +7.05292
269.03568, +64.28368
338.50085, +20.27589
154.41525, +22.80997
163.26601, +4.63179
339.71164, +34.30304
343.70959, +21.80653
9.66904, +29.58652
50.07175, +80.24631
92.29403, -54.40684
140.86720, -62.88226
247.69554, +3.50877
257.09198, +0.96408
341.95966, -61.40157
21.19272, +2.07528
42.24886, +47.10343
77.78813, +6.32263
116.43520, +4.98134
279.51871, +37.22837
324.94116, -22.40644
32.39415, +6.09633
203.03651, +76.84051
279.21390, +51.43458
343.24692, +11.82627
12.52360, +7.19302
256.77588, -70.79778
258.73102, +6.21216
260.43845, +75.84864
270.84320, +29.09167
348.87143, +25.12041
53.30506, +36.18438
70.09169, -44.80415
117.96138, +55.08754
200.93062, -35.89507
222.65767, +22.73429
307.87619, +7.11311
44.11814, +4.61050
52.24049, +1.75071
68.23390, -13.61069
157.69130, +73.88538
345.33209, +28.40122
169.23447, +35.25389
354.30304, +44.15802
8.38687, +19.95911
84.33105, -42.40946
165.98753, -6.41183
265.94363, +34.58060
345.52356, +25.76119
28.09064, +35.79619
55.71453, +15.99851
259.14291, +7.32616
8.93468, -45.74588
29.40705, +37.45638
277.62875, -47.44862
12.70632, +30.16423
17.55857, +50.17534
20.37072, -61.37613
29.28759, +17.77006
166.83150, +18.42992
359.36554, +18.31142
5.32291, +23.09087
47.55898, +42.82915
51.99688, +39.90435
158.99229, -27.56246
191.86728, +3.03860
197.45174, +59.02217
241.45219, +55.36468
255.19621, +29.82057
6.45859, +5.41541
6.75813, +45.70396
41.17878, +15.24009
102.25031, -34.08585
110.01588, +55.93222
156.63698, -67.67988
168.70930, -2.84413
206.85138, -32.78082
229.68137, +5.89843
264.33423, +26.24521
357.44815, +30.03911
12.60699, +24.52060
51.50203, +42.02467
75.97044, +6.39301
121.77300, +27.12603
129.35381, +24.87999
157.88036, +12.49560
202.85475, -1.69304
220.58887, +8.99600
35.88276, +25.46507
41.47734, -32.04925
102.95612, +29.97943
111.78543, +59.47803
179.74898, -53.19014
357.95975, -27.96534
102.03519, +33.57376
110.77308, +55.03584
261.85831, +21.10734
39.79597, +41.24565
42.38761, -31.19913
66.30244, -16.40188
107.81500, +31.17056
202.93840, +72.60545
23.72028, +55.40233
39.03559, -50.32683
53.05618, -52.45664
73.37259, +27.30478
110.41269, +20.26990
127.28216, +38.23829
145.76082, -2.25237
193.29285, -6.41437
258.67047, +42.85827
316.22809, +65.70947
19.87780, -75.38964
35.76433, +42.91277
37.16579, +23.01228
114.34987, +55.17956
119.71539, +7.49330
152.48349, -2.83444
206.44737, +70.07938
320.25742, +9.17755
344.88196, -46.63677
118.33750, +63.32423
190.41100, -9.16310
232.38396, +67.64254
344.46545, +26.16216
9.73946, +26.87943
20.44670, +23.78093
52.49561, -28.72640
75.41714, -15.39839
116.56445, +53.76725
180.86359, +22.21040
182.58452, -46.71017
190.15082, +26.50557
257.06650, +11.84965
258.06396, +53.12009
301.82495, +3.13757
344.05341, +5.38395
96.15434, +50.97871
122.74693, +72.79446
158.99121, -27.31910
201.71172, -10.02401
258.03781, -23.47402
327.85941, +34.13232
350.68268, +8.36039
351.81714, +4.76759
26.33841, +34.26282
26.40465, +23.43736
44.48973, +5.78750
58.77313, +43.57569
92.48009, -33.64934
107.83134, +51.17194
131.30238, +79.62073
151.17068, +4.81822
152.06856, -39.64106
152.07494, -2.52674
154.41925, -0.48157
173.04330, +1.20723
286.28528, +26.84949
311.86389, +64.47931
327.54349, +30.82350
17.18522, +33.46395
22.70967, +25.91518
24.29593, +23.21986
88.56107, -51.97651
117.57026, +27.85695
243.24963, +4.34549
264.61444, +61.03994
283.10095, +73.19436
335.98416, +3.76784
20.87540, +34.56867
95.78094, -64.93054
103.96166, +40.69414
108.18213, +50.06179
142.79614, +52.63520
240.67982, +66.49313
246.16042, -64.71394
249.06462, +66.24007
10.21529, +2.84175
48.33059, +17.98952
117.62057, +55.48381
201.43832, -3.86434
215.61404, +15.08683
239.87042, +39.82763
349.79565, +10.80234
356.55655, +5.86905
4.58543, +30.03993
39.61433, +29.75807
44.68530, +25.39505
121.29276, +47.05135
236.96251, +69.46974
245.83324, +34.97036
255.81551, +31.45798
281.97940, -63.08951
295.43567, +50.62088
343.18802, +33.39774
355.99640, +8.33119
0.73742, +4.20872
18.13364, +31.98261
37.08130, +29.45591
43.16864, +41.39629
68.78619, -13.31015
267.28793, +61.67391
333.32870, +49.82326
26.10511, -41.83179
42.74783, +3.52354
200.38252, +32.91974
200.93022, -57.52951
268.38672, +64.17302
333.45367, +39.23650
18.59290, +50.22729
78.43294, +1.95325
121.18504, +61.53527
263.33646, +36.74836
267.11908, +12.52795
341.33310, +34.05952
17.93151, +35.27611
43.92536, +9.32420
79.34693, +5.35668
104.66392, +53.48632
183.06671, -6.39610
233.26982, +0.55632
240.24564, +70.60074
325.36697, -39.76493
16.82051, +24.50916
46.23100, +21.37667
55.34064, +15.42356
112.36508, +56.14286
209.75627, +0.24119
214.25423, +7.26014
228.37209, +42.33033
305.59583, +2.15563
13.74596, +30.80527
17.14437, +16.90018
113.06370, +58.60135
125.18855, +19.36227
127.08511, +2.44554
225.31192, -7.47493
61.14835, -46.04187
150.66226, -5.15078
156.71631, -3.26036
211.19090, -5.56527
267.39786, +16.68190
333.73334, +31.77455
338.87036, +19.67950
23.74163, +33.92362
108.88478, +40.49120
111.64962, +23.07294
219.05988, +73.50603
292.86462, -67.36903
41.98896, -77.98901
49.31576, +3.59174
230.38737, +39.20075
335.69138, +29.77667
180.42470, +20.40508
194.59145, -51.36819
244.33792, +59.32016
9.77137, +6.02105
34.80762, +41.71634
79.20435, +5.38505
137.97029, +16.27847
305.65219, +3.93046
338.57587, +50.41302
152.71034, +75.75423
223.28909, -11.20787
250.30711, +59.08508
350.68719, +23.21115
5.20282, +20.03157
15.16059, +30.31638
40.95457, +6.64291
43.40635, +6.06101
106.11369, -34.64791
112.42788, +57.32890
268.55399, +6.06264
317.57877, +18.78513
317.99106, -45.91168
343.58661, +32.47036
352.29407, +35.04852
8.21024, +11.73687
9.07658, +32.90318
45.03345, +16.50406
170.94154, -4.70664
300.86581, +6.98971
121.83442, -70.49297
144.13281, +59.39841
277.73914, +29.87673
50.22397, +37.86711
79.45820, +5.28875
231.07455, -38.12251
40.56874, +42.39321
44.49331, +5.78307
55.30632, +15.37886
73.58918, +2.13398
91.51572, +82.71912
108.71669, +14.38134
141.49709, +77.80729
12.20031, +11.37018
50.13469, -2.00548
100.82415, +21.00562
108.78193, +48.74888
113.89804, +56.04746
259.00577, -52.79008
316.49866, -45.12451
322.86191, +15.80510
330.48544, +15.17526
0.90729, +8.63525
67.80746, -12.43336
29.08927, +35.57256
86.41167, +69.06061
129.02214, +1.89411
240.61438, -60.32821
348.16049, +33.69963
17.58301, -45.85510
23.70601, +34.03477
28.54699, +35.92237
111.61866, +53.16767
238.04852, +59.24882
253.23431, +30.50233
355.37015, +4.17186
4.70556, +30.06197
67.28847, +70.89745
127.66875, +20.59970
141.13174, -63.24402
244.86749, -61.24441
246.83365, +62.65956
248.94554, +44.41563
4.55900, +29.95212
12.14437, +27.69245
16.93124, +39.68060
44.07335, +4.52932
55.01912, -2.06844
65.25019, -45.07238
181.17149, -28.11631
199.86430, -33.92548
317.85831, -23.21299
23.64479, -3.34319
86.27058, -25.79452
138.71855, +79.19623
4.49932, +24.56304
16.72526, +1.94554
39.49355, +34.24118
183.25093, -52.54401
330.41101, +9.98190
352.00345, +47.39956
352.08371, +35.30208
8.18505, +30.75069
29.12704, +37.33559
203.68645, +33.89040
237.25211, +71.23830
307.65103, +55.31617
324.11069, +40.25306
99.75192, +57.38270
112.03352, +28.93035
149.86395, -64.73097
311.45349, -56.83447
1.97806, +20.41091
22.09343, -65.27087
22.69563, -42.46196
78.72106, +6.25118
98.14474, +40.20798
116.30884, +11.06332
317.52710, +12.05616
330.16946, +19.66795
334.63245, +29.24407
352.41385, +85.86072
18.41456, +38.17245
44.43122, +5.86569
145.20735, +11.55287
312.84000, +18.97801
75.57496, +7.63618
172.46326, -12.37223
254.93382, +42.53956
309.60236, +20.65642
38.79195, +32.65228
54.98836, +15.43682
120.84048, +6.99883
241.45647, +18.53550
276.67874, +34.33164
296.45142, +46.07553
335.75580, +30.92480
348.51331, +8.99250
11.14342, -8.34683
36.25259, +19.70251
99.90259, +20.74260
247.88879, +5.08446
259.04874, +44.06574
261.16422, +45.49239
104.33378, +73.49283
162.07957, -3.58848
193.41267, -38.44880
234.13455, +41.79932
246.50053, -60.59296
43.03293, +41.57983
68.96682, -13.32976
112.55661, +24.49166
143.08083, +0.31601
169.91588, -3.30529
194.89131, -19.40028
234.36749, +13.16920
306.09076, +12.57766
344.46161, +16.76292
20.72118, +33.41360
50.85858, +39.10992
63.29779, +6.55838
80.66653, +7.54632
81.86346, +7.48126
90.18025, -68.66952
103.98843, +16.47015
111.24093, -27.53244
241.53044, +17.46085
282.00601, -63.18988
73.68541, -62.79976
73.83512, +1.60467
92.25204, -33.84369
109.35057, +22.51323
267.99127, +72.14745
286.35809, +42.46105
6.47677, +25.72369
7.21305, +28.93959
50.94320, +6.56181
72.89252, +5.72060
107.74282, +49.02271
286.73166, -23.89063
348.93243, +25.09454
11.83081, +23.04881
80.46619, +6.28556
127.45258, -22.13440
270.51801, +69.71384
341.50214, +21.12558
9.31735, -53.26152
23.74271, +1.33586
39.36450, +23.30003
99.86642, +33.56676
114.81003, +59.38370
135.70073, +73.31078
274.30139, +64.56554
344.83932, +44.96970
21.62820, +1.45870
80.76138, -81.98235
117.72505, +9.58992
147.14679, +81.19282
192.63393, -6.24449
326.83701, -17.54931
330.81238, -55.98096
332.21158, -35.11749
28.77795, +20.19413
38.68447, +34.49808
115.80865, +54.96876
158.87851, -27.38052
