266.14102 +48.11404
347.93423 -68.09406
18.73442 +31.94849
144.37419 +23.16167
40.95539 -59.91342
58.62646 +10.70699
90.79588 +49.93950
250.03290 +58.61737
25.11653 +34.62530
259.38916 +7.66186
28.40117 +43.96550
46.95542 +3.14790
60.08987 -52.57373
117.56800 +55.40839
240.88712 +16.32297
298.90811 +2.18189
13.69481 +28.71677
98.54028 +38.23790
156.83208 -49.11639
185.62224 -22.34509
289.98145 +44.89844
329.25571 -36.99068
104.29886 +20.43735
106.50901 +75.44391
136.00331 -72.05563
244.04877 +65.96879
294.78708 +8.81034
316.64038 -49.21932
317.94818 -46.03936
6.26395 +31.34479
36.58629 +30.44566
52.54156 +38.45268
346.17270 -34.05780
77.67919 +0.40830
228.30794 +4.28753
356.86810 -28.13599
9.87467 +36.34684
24.24728 -62.53937
41.50248 +40.09021
69.78204 +11.53053
231.58400 -41.55249
250.01353 +15.88351
255.26123 -26.11668
116.61896 +58.96255
200.41563 -77.53270
255.28262 -28.06792
2.18645 +4.61253
128.42233 +74.40398
253.19044 -58.67033
343.85587 -70.63219
19.24646 +13.02492
198.07080 +44.83921
18.78174 +33.37731
29.24466 +6.03680
260.85873 +23.64428
9.11417 -27.78535
60.62721 +21.89063
66.91869 -42.77740
158.88885 +72.67828
212.65436 -52.10164
291.89920 +54.37290
107.09851 +51.23469
123.68135 +57.95754
26.69145 +18.57450
90.79729 +7.82705
320.12521 +37.58338
91.05446 +50.95343
161.67825 -16.13317
191.90527 -53.55005
193.05647 -9.49786
58.69973 +6.26291
93.92702 +49.77912
213.03244 -10.07849
349.00290 +25.55669
16.02933 -51.13306
36.56944 +27.21210
38.21709 +5.70102
55.38473 +37.22580
67.85100 -54.41685
260.99197 +12.59179
6.36973 +20.23774
41.50244 -32.15432
70.93314 -5.31944
121.27863 +66.78291
190.82408 -0.64425
244.33226 +61.93912
122.31165 +0.28259
141.27956 -37.16795
165.54675 +45.88907
194.20125 +48.29688
202.37051 -3.68043
227.86798 +75.38387
257.10251 -25.71031
31.68319 -56.93580
55.97710 +40.01567
223.29884 -52.91118
337.64175 +39.61872
31.96497 +44.84401
130.21228 -32.04646
186.86401 +12.29033
345.63089 +38.71453
347.90744 +18.77243
355.07919 +27.56152
94.03786 +54.53536
211.36409 -32.83096
228.39236 +41.95881
339.41843 +34.84647
5.10153 +21.87694
58.56662 +15.92862
103.94066 +47.92966
166.85181 -70.42720
183.73143 +63.78276
232.50270 +23.63823
320.37186 +21.24197
352.02475 +8.76863
21.40487 -30.36548
68.69443 +8.16783
205.35110 +55.64308
209.59306 +6.33919
329.79010 -46.71171
345.82498 +8.89360
101.05093 +66.10089
260.03714 -60.15863
271.53558 +23.46554
346.11755 +27.35735
350.89319 +29.18240
51.18183 +41.96880
73.35728 +4.06159
75.99087 +51.22646
249.40703 +72.37466
291.78113 +43.87828
300.66553 +1.86736
32.91055 +34.04428
55.13583 +15.05874
97.89761 +74.43353
240.96739 +39.98447
25.93771 +12.16366
70.04075 +7.33878
205.95818 -19.84113
248.81859 -61.39348
305.26758 -15.16581
68.20135 +10.39168
82.57976 +5.16534
107.76979 +50.13689
160.49231 -36.93546
245.43840 -61.18005
245.64525 -61.03720
28.84175 +6.61175
34.60996 +5.65388
40.52618 -15.09145
42.80463 +13.18532
94.83680 +28.72444
111.15186 -85.49708
215.96092 +6.57608
309.86002 +2.01871
9.88821 +3.13854
20.24922 +34.24869
29.64958 -1.45715
344.58157 +26.06195
350.86951 +21.16353
4.61819 +30.04069
160.65907 +77.49487
216.64806 -52.73412
274.14096 +22.11074
331.08551 -50.04774
352.92932 -37.83871
29.28377 +4.56472
29.82131 -50.72033
36.56322 +26.10640
103.63673 +45.70428
349.71411 +42.06531
350.69110 +29.13785
34.91627 +15.81430
41.96560 +23.40398
68.02562 +0.56744
151.20882 -6.72491
240.23378 -35.69864
21.37980 -1.40813
119.22215 +66.61092
157.18301 -50.97087
242.87669 +58.78571
358.62463 +28.87149
200.00369 +31.98124
231.13608 +83.07696
248.35495 -61.75402
28.23941 +36.51289
187.62970 +41.70116
342.39859 +11.55636
12.66986 +10.60021
36.89432 +41.97762
63.11049 +34.47198
195.89774 -53.09109
309.59937 -4.11753
342.73370 +34.85690
359.56924 +29.35727
13.83096 +31.74921
17.82710 +31.88867
80.31794 +76.35572
178.05232 +16.85145
13.36788 +32.48231
86.04134 +51.20036
272.33563 +18.29753
1.70615 +8.62849
11.82593 -80.80048
199.07126 +25.40656
200.46657 +22.42917
348.38718 -81.62505
352.05362 +27.68944
17.96223 -55.85735
42.64870 +13.33506
46.39527 +6.13339
110.68047 +21.48337
215.41873 +13.23233
357.00284 +27.37539
68.82902 +17.19565
119.85599 +55.29586
218.31842 +41.65036
31.39049 +34.88094
184.45792 +47.40918
64.30170 -17.85747
69.70918 +2.84465
86.40768 +64.03026
285.90186 +27.60663
355.69397 +27.29728
16.22691 -46.99959
79.70725 +25.02984
154.85437 -5.65615
40.52393 -15.04688
49.34345 +36.56857
260.17044 -1.19920
13.12609 +24.35057
37.91813 +22.91721
44.16027 +41.33331
70.11010 -63.10722
86.35268 +72.35621
173.62288 -50.20801
188.43750 +10.99571
196.09430 -28.70058
216.92500 +69.69415
275.55746 +27.59336
355.19513 +26.83534
28.45890 +36.35028
149.06189 +59.30710
237.52072 -23.63887
197.63835 -46.99601
207.06134 -30.55099
94.65222 +27.78819
105.42458 +29.88297
174.62271 +20.52767
359.01627 -0.98844
22.21272 +18.98707
102.83368 +49.88580
194.05167 -29.50294
212.36417 -17.86505
240.07896 -61.31682
350.62766 +45.60927
351.37943 -74.68395
31.12327 +28.81233
196.54556 -29.72707
50.65128 +9.47356
62.29290 +21.44019
107.27338 +75.35303
13.67409 +5.77387
40.15984 +8.84857
44.38895 +41.51646
207.24962 +72.65387
250.79930 -30.92574
264.35489 +12.99359
297.22592 +3.48634
74.31343 +72.40351
205.17610 -7.75099
238.08221 -62.81019
276.43433 +32.17878
25.90654 -33.70542
37.29316 +48.43217
105.76189 +49.42438
285.20068 +50.88116
64.85520 -50.89839
106.88261 +32.46985
312.22980 +70.23191
339.74454 +35.43863
32.56665 +45.58915
194.23463 -20.47181
298.71475 -55.10967
317.91342 -23.17162
345.03833 +24.35073
17.21605 -45.83265
27.84814 +33.03118
70.86540 +13.84763
79.08723 -13.47120
340.28162 +32.16976
53.07952 +0.28250
193.87514 +70.82933
7.82265 +5.17975
96.16577 -37.33565
195.09874 -31.43848
268.88074 +28.82775
10.19234 -79.24008
96.82497 +49.61365
134.17807 +52.10540
167.07309 -5.13225
257.10733 +40.78923
338.13910 +39.21555
257.98849 -23.03650
328.60883 +41.73449
331.58582 +2.34845
353.96518 +23.61876
21.03362 +9.55171
224.02901 +83.52287
268.23920 +27.67291
287.38336 -55.01731
302.95566 +5.76377
305.12299 -0.67306
337.55640 +42.79067
9.87329 +25.64338
16.07001 -51.03281
194.36989 -28.20498
206.37689 -71.31165
277.17493 +48.24319
325.55063 -34.16222
48.27784 +28.63489
75.44460 -18.15707
111.25626 +27.32427
196.11600 +55.60496
243.47372 -60.86718
265.71130 +16.21402
327.60110 -73.99742
4.72158 +48.01672
43.64159 +41.55903
63.96758 +13.09805
259.04883 -19.81699
49.32203 +41.38538
86.79659 +17.56297
109.44622 +85.71326
162.67406 -65.17803
207.87794 -52.92328
0.03814 +32.73844
32.74376 +31.29494
40.81567 +32.46673
87.38254 -19.55031
103.25513 +34.92342
165.77634 +75.11575
186.43950 +51.66837
239.21318 -38.76875
266.59122 +26.54375
328.16891 +36.46073
76.47328 +21.66064
168.51028 +20.38729
173.61949 -9.66018
257.23859 -23.77398
345.16183 +30.74181
356.27881 +28.20555
176.19603 +20.12506
71.33705 +73.39108
202.00310 -27.10270
247.19208 -61.81214
344.50183 +6.06978
21.18763 +32.16568
25.30550 +45.00183
55.47779 -50.95782
103.19576 +31.28909
326.68057 +38.49926
29.02196 +36.12907
70.50777 +20.50476
125.29314 +39.26305
247.09323 +32.84940
261.77069 +37.85171
357.05789 +21.21534
359.83139 +4.76062
212.63997 -52.31725
243.81184 -60.59195
259.50769 +50.24711
211.64536 -5.45310
292.84143 -5.04316
346.23553 +19.55223
65.58698 +7.22060
227.13939 -48.66314
251.50636 +6.46253
342.56699 +11.56623
3.96365 +16.08977
5.95626 +26.92234
17.10854 +33.14798
41.50220 +51.25399
122.60564 +67.24293
135.53500 +8.30172
168.85870 -3.81784
273.32834 +33.83009
300.45688 +57.02730
315.43503 -13.31322
320.87415 -37.51022
1.14057 +28.30169
21.57845 +34.75415
144.25325 -60.93323
166.46138 -9.92530
256.70749 +42.42341
191.56462 +8.34842
258.39536 +16.04979
43.68324 +41.65528
53.88822 +5.06701
183.58511 -55.47282
193.02269 -15.45853
299.55957 -55.44555
345.20453 +26.74088
76.58630 +50.84199
139.29387 -4.75211
249.52284 -61.11291
355.04276 +47.97287
23.14738 +41.98686
43.50734 +14.97657
55.02976 -18.44347
57.05867 -21.47448
139.64899 +34.55207
304.75330 -22.15598
67.14029 -47.78255
69.96446 +7.05521
104.65457 +12.66692
314.47510 +25.09638
52.65261 -14.42552
60.69923 +19.00539
72.60106 +8.71306
115.50111 +18.73357
161.80540 +72.32305
317.23724 -43.68608
359.02859 -60.67123
118.27202 +55.24005
261.21210 +23.73593
298.96991 +5.99699
301.74142 -34.54852
327.31659 -60.71315
334.31589 +33.50388
341.05353 +9.41686
142.53598 -42.19851
259.88092 +86.73837
302.08539 +50.67875
337.06982 +50.78974
107.21974 +48.45006
114.23766 +58.77040
176.59268 +33.16177
193.14462 -9.77669
242.64313 +10.04040
315.10638 -14.49565
29.77064 +36.25861
114.37540 +59.68421
116.30659 +70.03244
120.50964 +56.64416
344.62216 +40.42955
345.51440 +27.05259
38.92430 +4.05179
57.72368 +39.78899
109.88977 -1.06680
113.28941 +19.19943
222.35457 -40.18059
29.06701 +3.76186
59.13850 -66.04066
107.29609 +43.69736
162.85634 +8.56710
244.34218 -60.63427
20.08207 -44.12866
353.45535 +30.06038
51.23278 +39.12901
159.75323 -50.42178
177.43063 -68.81273
240.27156 -61.11403
292.38824 +41.30498
344.57303 +25.77112
29.21712 +5.77477
52.72007 -47.97926
150.13795 -19.66198
202.52203 -20.93299
217.75452 +5.97843
259.97778 +16.66069
275.80734 +86.89047
22.94378 +33.61557
202.21715 +38.57769
241.45351 -60.14577
242.62708 -59.91859
263.25842 +43.75962
347.27789 +17.25921
39.73180 +9.09737
56.60706 +45.25729
57.69946 +42.28120
69.66547 +11.24099
71.90098 -1.16186
83.16160 +67.71045
113.48299 +73.64386
210.62317 -54.70974
255.37599 +30.16758
294.87161 +6.34846
8.98292 +8.71794
9.82606 -27.34924
78.52711 +2.51734
107.55659 +44.45731
258.32523 +43.78235
27.91756 +8.30046
43.47764 -72.75762
87.17975 -25.47734
203.67920 +9.33679
199.36981 -51.71650
324.37857 +14.58625
34.47204 +14.52171
