36.51163 +30.17320
39.69773 +41.67042
49.25035 +43.52484
159.11523 -27.31922
267.33731 +62.22287
330.85211 +2.59482
5.35151 -48.66531
82.16834 +22.11360
112.94901 +18.28791
125.66655 +56.32933
156.39177 +70.07564
158.59836 +73.01393
161.05096 +6.75878
165.18422 -14.18772
169.21283 +17.79828
177.86766 +22.02598
202.89302 +71.48024
214.85448 -4.48913
261.15375 -73.94012
269.22931 +32.63661
272.59375 +54.22520
6.56101 +21.80737
38.32576 +22.39382
44.02999 +41.63117
79.32460 +6.13705
108.47553 +50.39877
219.59689 +23.33351
75.79797 -22.81398
108.47457 +23.08014
313.71964 +65.15907
358.19742 +46.80392
3.06553 +22.32180
49.48015 +70.03557
74.83786 +5.61829
107.70724 +7.87740
177.33270 +74.30219
307.16791 +4.34538
346.88629 +22.99800
25.38910 -83.21222
37.43252 +23.95586
181.12355 +20.31623
198.32253 -43.58318
203.91077 +75.03940
338.98474 +20.32226
49.81078 +41.14144
64.34824 +0.30652
173.43094 +32.63607
305.72818 -49.50679
335.23932 -46.03585
339.65775 +34.07143
105.98229 +53.75884
9.90698 +8.96541
25.16267 -31.82084
120.05357 +56.35337
208.05891 +72.73203
357.65234 +24.55625
251.46909 +59.62202
62.78939 -53.68663
173.13420 +74.62753
319.42609 -22.77084
9.04692 -32.57457
226.58675 +62.98097
300.78506 +7.10653
2.02831 +9.71773
37.34855 +10.17711
163.04312 -2.40974
236.05550 -17.18603
239.79640 +20.75459
43.41715 +41.72578
55.60015 +39.24453
295.29904 +43.41300
17.03617 -58.45466
42.66254 +20.68278
62.01129 +23.29287
107.75236 +48.68664
188.95497 -43.05764
195.12915 -44.24489
219.63869 +50.81532
247.31917 +3.11552
38.49355 +44.34446
156.39758 -2.21521
166.68404 -48.48379
210.63995 +14.55083
241.81090 -60.74733
342.28851 +34.99028
106.24109 +46.14060
219.65703 +46.66312
345.15503 +12.78231
20.33488 +40.48820
22.12191 +48.38708
32.17036 +71.03582
35.40287 -64.61016
81.26746 +72.57401
106.06790 +54.22272
128.19525 +0.22808
243.27838 -59.92399
348.21362 +5.80637
358.38403 +8.11813
23.55626 -38.61668
99.21552 +37.57049
107.86652 +48.24012
167.82785 +5.83630
4.58283 -73.15251
42.89425 +40.73140
57.59762 +6.97305
2.67031 +32.98308
30.33282 +33.32978
230.73454 -7.33155
259.43594 +7.61430
27.18235 +10.50798
39.30418 +21.56755
241.87375 +81.30180
3.48718 +30.88296
138.65547 +8.11718
226.88626 +76.14633
35.94571 +28.86372
45.68425 +41.62537
98.07806 +51.99500
218.55310 +25.46803
58.32998 +32.33008
101.88457 +29.36962
177.63974 +77.83284
252.98895 +4.38357
281.80533 -48.35739
315.76007 +20.50345
3.36226 +17.48644
7.78366 -22.61868
39.47710 +2.32803
111.85945 +33.81129
62.47620 +36.51717
117.33904 +52.66644
325.49387 -34.44590
350.32602 +25.38537
30.88699 +26.30722
80.08146 -61.25949
153.88408 +74.22029
311.58679 -2.81265
341.04077 +9.98913
349.79187 -66.67538
101.74975 +74.52823
122.11217 +39.96432
261.94284 -64.56163
338.57834 +41.32055
349.65979 +25.23286
350.21988 +23.80749
355.15729 +78.25345
356.65356 -29.07036
22.09075 +2.51304
25.17345 +45.83468
252.76230 -26.54222
256.14136 +72.44654
273.05856 +21.88475
329.12271 -55.56619
34.96967 +29.03624
38.76329 +41.35737
42.38094 +22.14422
153.04889 +4.92338
196.90160 -57.07387
349.76138 -22.71520
77.21664 +21.09144
153.61530 +77.82024
234.72870 +4.58305
304.88599 -53.50335
339.22339 +19.14388
306.60950 +15.01786
37.56866 +23.15325
50.60191 +41.47979
140.92915 +22.90903
345.72797 +26.83502
356.74298 -35.79459
50.64325 +14.91364
174.61124 -10.63877
251.28148 +61.84024
278.40250 +48.23635
335.94699 +35.38996
339.36093 +34.37430
65.63879 +3.20265
79.24062 +21.38476
181.90479 +2.69049
212.67151 -52.18419
236.41428 +28.08872
334.13840 -16.01645
119.51426 +56.68048
124.85107 -24.78566
195.26334 -40.42630
201.15735 +52.95927
261.61142 -59.72783
3.59345 +48.24652
3.93292 +27.44440
82.48121 +44.57750
104.49618 +35.73408
112.22562 +20.59178
239.84146 -60.02281
256.71884 +43.12213
338.51645 +10.17293
349.18207 +29.58755
8.50498 -3.16624
211.19353 -9.96221
340.50989 +30.70873
342.08099 +24.81764
350.33078 +1.40310
30.60839 +32.07225
207.21353 -7.64833
213.06593 +15.84194
257.96378 -23.02680
273.07678 +25.66233
332.71558 +2.10577
4.74760 +79.69572
32.49394 +35.72055
48.97537 +9.15963
49.36628 +41.61298
155.42152 -4.14029
349.80093 +9.29039
36.28083 +41.85153
94.61247 +50.88840
99.07216 +74.34397
99.24689 +74.28256
113.24355 -31.18818
154.85843 +44.40461
309.82599 -44.60628
36.36382 +37.17434
61.37650 +4.41173
124.43451 +73.31768
307.86273 -1.97472
24.31390 -9.19763
349.19934 -35.52411
353.27722 +9.75211
2.26760 +10.91890
3.48892 +48.15796
30.62908 +11.09308
68.84042 +70.10107
37.05314 +19.58332
20.45491 -44.05753
109.46920 +63.48562
224.87914 +73.89323
240.64786 -61.77453
270.50995 +45.29039
335.09549 +15.54244
25.37897 -65.61559
44.69756 +75.74448
71.60732 +3.50555
74.73217 -63.29822
80.15397 +19.05197
127.16991 -21.73645
139.98094 -68.90903
215.21248 +4.33185
229.34886 +7.89139
265.04614 +62.64179
299.36920 +50.42057
340.07187 +8.56591
39.44836 +32.41983
41.47633 +42.81217
110.00348 +17.94572
113.82807 +19.04597
116.12923 +67.27358
129.59634 +65.12102
149.47034 +36.34931
226.84308 +76.04907
296.15518 +47.98669
321.14774 -42.59102
106.01465 +37.91189
234.78215 +43.86528
251.98299 -25.03144
253.82513 +44.32359
255.37418 -70.01752
261.68060 -59.93203
305.54407 -38.30832
317.78165 -2.03877
159.33418 -44.85067
257.70071 +42.28762
326.96936 -70.98484
2.60781 +25.83184
20.87804 +11.29099
40.78646 -32.80198
91.93629 -47.41629
102.76232 +48.72490
121.02438 +5.11385
122.30876 -18.69505
172.01672 -36.54272
192.27098 -12.88652
286.23877 +34.46460
41.91877 +40.49484
57.96988 -8.83820
78.01380 +13.87316
261.34378 +58.82209
273.22556 +20.67309
310.16364 +3.59652
145.88792 +39.41505
304.89694 -32.84433
230.37663 +21.19063
240.97485 +25.01148
252.75180 -61.74507
257.10645 +25.51739
275.51187 +66.61657
339.19418 +19.38234
307.62955 -1.01407
338.96616 +33.94488
13.05740 +44.33100
21.22047 +9.70329
44.59202 +3.86276
64.12524 -47.84877
97.93768 +26.00549
144.92035 -0.23511
170.39877 +18.45827
200.24535 +80.37540
270.39008 +26.25299
70.53041 +5.46694
181.83559 +17.26154
196.46919 -49.32642
261.72495 -64.89353
346.28131 +41.95547
42.44165 +41.05181
52.82646 +35.46635
101.60009 +43.82480
134.57732 -65.36749
144.72900 -4.86592
235.20149 +28.29206
278.39203 +59.88823
14.28000 +7.50709
274.95355 +63.67955
319.36633 -42.33970
3.19986 +22.02339
142.33771 -60.69476
277.02649 +78.75027
300.92282 +7.16301
356.82886 -2.31350
9.03821 -3.52136
27.90105 +19.10351
193.00487 -41.27944
305.81946 -21.18707
59.74730 +43.34712
59.88898 +42.61660
117.82407 +10.83308
354.90024 +21.91613
107.06207 +86.65793
128.17137 -24.04215
233.14616 +83.07875
250.11411 +23.77478
272.65640 -56.27778
28.72413 +36.91793
34.92183 +36.62684
94.76762 -16.94727
119.30199 +56.67652
182.95918 -56.90892
208.69171 +58.66650
225.32634 -4.55482
247.23444 +64.20695
285.68939 +27.30734
300.10641 +6.69402
12.52984 -52.12484
22.26234 +32.33224
43.60157 +41.60560
46.13631 +17.68230
94.99074 -64.86478
106.66744 +48.49053
114.33131 +19.97612
253.53647 -7.63532
257.35822 -25.70890
291.39996 -62.93273
356.68103 +28.03261
359.93222 +28.29038
63.84892 -0.96726
75.97550 +55.32052
123.66697 +49.06144
174.43716 -7.26756
269.71573 +34.00592
27.19383 +20.26519
210.48534 -55.79185
266.57178 +35.57197
352.77286 +21.41152
20.55503 +33.26033
140.93759 +24.51841
145.70215 -42.05588
214.86125 +71.58823
234.12553 -16.27362
32.48169 +10.76199
51.97586 +2.56167
59.18892 +8.08630
61.03601 -82.34171
249.43347 +49.44590
272.29510 +30.32679
299.22791 +50.16689
18.97237 +5.32564
20.43070 +78.62781
27.21850 +10.58994
85.55559 +15.21578
146.68858 +13.77318
252.26509 +68.75756
33.31937 +53.41174
58.59019 +17.55634
257.08228 -25.22825
259.10870 +37.34494
286.84485 +39.93082
321.36075 +4.31413
340.89145 +4.15115
36.17562 +25.56108
38.25271 +23.09303
120.58979 +6.87857
355.48108 +30.58176
8.42430 +39.54478
47.86216 +35.45825
49.97071 +41.30233
55.70784 +13.61172
355.93631 -14.71421
61.33881 +22.24030
89.03209 -38.15378
93.95599 +64.43067
200.87627 -56.30843
217.09364 +11.41800
269.91879 -63.69664
348.08466 -1.53266
144.72505 +34.29973
194.80534 -55.88409
354.12445 -4.90881
350.30905 -21.23609
355.16238 +20.44121
120.37015 +55.59921
178.15898 -5.20700
246.75986 +7.56170
315.17676 +17.80490
340.34521 +34.62170
35.10069 +36.99483
62.16783 -49.58313
319.20108 +15.04900
356.38821 +1.68876
28.59330 -0.62836
64.77785 +3.18902
71.60671 +0.36639
107.84387 +71.83635
180.31660 -53.42271
258.81360 +43.29019
260.19894 -1.11178
338.50311 +23.33861
50.14395 +37.49494
195.52939 -32.78717
329.74600 -27.41392
348.01495 +48.81653
76.19449 +4.47931
121.07799 +77.81664
209.39507 -52.77177
256.54269 +7.78041
108.89771 +15.14353
256.35733 +75.40731
52.67033 -3.13773
100.34606 +32.92738
108.94462 +4.77307
261.28763 +37.75990
342.49890 +12.05796
350.01154 +15.95274
30.47761 +46.33072
211.57558 -16.64125
212.98955 +72.27448
290.83344 +70.35599
339.57666 +18.58747
340.63904 -37.18539
357.73480 +27.08715
37.65470 -24.08210
52.62048 +74.94841
258.21387 -24.25271
19.82547 +4.57804
70.07289 -58.74429
119.38544 +59.08399
150.97124 -44.53743
163.01765 +71.77306
281.32675 +39.10311
55.32306 +15.39658
172.15088 +26.90585
199.27554 -16.25218
220.11652 -78.80921
359.06387 +81.75150
34.99468 +1.93024
140.41077 -59.43364
171.04475 +69.41308
176.84526 +60.30042
293.11948 +72.46625
56.82718 +40.86072
70.13871 +4.19594
239.09836 +16.52342
306.60693 +2.90973
28.90247 +21.31763
44.58758 +6.09517
103.27886 +50.03417
218.98825 -51.91824
257.13644 +42.33913
1.95367 +35.36230
5.61038 +29.50426
16.32031 -58.43752
40.54129 -51.90401
108.70982 +16.98160
130.97092 +64.97027
222.36630 +27.78065
111.58121 -35.32986
215.92979 +28.34738
283.09964 +28.79202
326.47925 -72.93208
45.79328 +27.57343
100.92702 +28.45463
105.85110 -60.25620
241.15649 -60.77554
256.09836 +28.46318
