238.74574 -62.40792
358.13275 -30.18108
32.23108 -56.73705
61.30125 -65.83980
87.88007 -11.31466
188.66257 +7.15727
210.64432 -4.92889
247.12234 +82.89378
348.30765 -2.10037
351.23767 +52.24235
357.51089 +36.85046
11.03283 +30.35094
48.37193 +44.13144
51.10159 +25.68285
100.69373 +52.84896
171.70212 +35.25087
174.55403 +12.11192
212.56302 -17.83715
218.64572 +77.96661
250.14076 -67.45195
252.47551 -71.20222
296.74680 +56.91066
35.37574 +15.76162
37.29905 -11.02470
37.50003 +28.63367
38.32127 +32.74672
76.26247 -61.48450
95.17841 -16.06115
194.32643 +70.20345
216.79175 +35.92077
234.43831 +22.42628
284.41949 -52.52882
41.64886 +32.44927
51.93851 +46.93624
108.08380 +23.38037
271.06485 +7.04096
284.23166 -61.39978
325.58356 +14.80828
0.24550 +28.91172
26.83497 +2.83293
92.64825 -70.34759
250.21588 +65.78967
29.45896 +37.36173
31.89219 +2.11532
38.41134 +6.47331
101.11536 -17.93249
117.90702 +9.78205
125.14612 -1.37630
132.24973 +70.10968
199.13596 -15.30316
260.97369 +48.47903
5.39233 +38.09296
22.79358 +9.95073
111.78960 +33.83188
263.82910 +6.16851
318.04221 +11.65948
355.82019 +8.71060
15.33838 +31.50772
84.58932 +47.61422
27.87146 +36.06594
100.81126 +65.67751
114.26324 +22.35268
146.13724 -31.79193
7.66294 +12.68052
11.85107 +28.35225
20.94940 +33.05533
206.90518 -20.95876
280.96579 +42.62383
349.68134 +18.69833
357.13187 -26.84602
20.86803 +30.78446
60.25314 -52.98493
76.42105 +76.01980
129.49367 +66.13734
187.45172 +64.03378
318.02829 +13.00043
342.37140 +11.30302
1.27763 +5.20354
41.01189 -26.18640
59.86075 +43.31204
208.06841 +2.10852
267.76614 +51.02293
5.00812 +21.99971
17.27411 -16.00030
21.48455 +16.60182
30.35300 +15.64652
101.42199 -37.52071
209.21800 +15.70223
209.56897 +59.81456
216.62743 -54.36800
216.74266 +12.89913
0.87179 +27.35172
37.95573 +9.73619
44.81215 +16.03824
193.12274 -39.14606
205.29649 +30.37809
229.53584 +13.82866
341.03876 +10.07020
17.26665 -74.51550
29.52332 +37.57786
103.41754 +54.97379
115.30978 +27.61414
183.94275 +48.13143
195.92014 +2.56813
247.04814 +39.82193
255.23302 +58.93754
338.69946 +50.16764
349.44135 +29.02718
49.64984 +41.47722
231.64244 -48.11922
256.79880 +11.42130
295.35672 +51.82031
21.77296 +18.59878
43.69647 +15.58939
206.01346 -19.80682
207.88544 -48.08352
7.81510 -22.55993
54.39011 +23.29319
69.22053 -64.57229
83.51567 +13.78688
329.06238 +2.17262
358.45773 +10.94466
36.31810 +24.26480
40.39529 +7.18717
149.73444 +14.41890
159.91696 -46.29165
178.48964 +25.68499
232.93826 +67.55636
244.09369 +65.35388
263.63748 +50.26015
289.86148 +52.33198
307.46237 -38.97881
1.36655 +46.54360
36.46068 +27.41278
262.21564 +52.72345
355.22604 +27.50963
65.95513 +13.18170
101.48005 +51.62565
102.91922 +29.07218
109.17869 +29.85497
113.44600 +65.44602
243.59425 -61.14390
247.18506 +39.47386
12.89589 +29.40125
80.33330 +51.73038
101.72492 +46.40641
140.90231 -10.43374
185.19791 -6.97167
229.87564 +67.50459
260.59912 +6.67129
358.10187 +28.77266
21.83838 +11.97559
147.61403 +66.73604
192.90555 -41.30345
206.29956 +23.07187
221.70290 -66.44161
35.34696 +42.87645
79.07117 +6.31926
152.89548 +69.25810
268.80206 -0.04427
307.04980 +0.28827
337.31924 +37.75244
349.52591 +10.29992
0.63468 -30.62166
211.29764 -53.65934
255.61406 -18.72166
339.41357 +20.01605
13.59543 +31.66520
35.45206 +16.87465
45.16542 +40.87907
311.07492 +2.59487
319.47733 -23.03594
319.72244 +15.68083
328.53967 +15.03685
25.40555 -89.33452
86.06678 -55.53244
113.23357 +64.99248
137.60158 -58.56513
141.52103 +50.43827
330.71295 -47.19732
94.71995 +51.92286
129.06416 +28.06023
192.88551 -27.78301
266.44647 +55.77670
289.17825 +44.78328
6.99822 +30.76484
20.36500 +7.01808
31.40543 +6.77202
38.35206 +20.27302
41.54150 +24.53742
136.98462 +49.59679
159.18721 -27.46953
212.22964 -26.94907
267.59088 -59.56086
355.95639 -67.71494
245.71948 +82.39177
332.49689 +16.49062
28.51978 -67.90296
51.59171 +21.33527
52.67608 -3.16356
282.00876 -63.60262
356.84912 -2.35126
21.73992 +39.01825
53.30246 -50.41425
115.97955 +62.07152
228.13330 -49.56749
35.27652 +23.60035
37.10786 +28.46760
58.32286 +36.58934
157.35037 +55.18675
162.29184 +29.81596
209.23723 +70.75435
276.70758 +51.13918
348.29684 +10.77216
4.64959 -7.04880
28.97091 +18.04452
40.12081 +19.29711
57.43794 +28.16680
57.96077 +13.71468
119.13358 +56.68712
133.69621 +20.22020
243.24799 +2.18123
243.60748 -61.40865
267.07401 +34.10186
34.79887 -12.78163
40.71666 -25.45431
60.62368 -9.33546
104.12412 -65.56048
200.17099 -16.90041
267.69070 +23.13862
319.38376 +15.46151
336.65338 +36.72893
18.41648 -30.23750
107.60042 +74.89104
236.82744 +68.36778
5.23101 +21.86602
23.66574 +55.41753
62.85290 +16.54696
242.67763 +57.46654
256.90384 +60.72869
269.14621 +62.61703
326.00958 -4.88483
51.09504 +40.78867
89.63049 +40.51743
178.55110 +0.13663
252.29808 +53.41979
316.48114 +7.67722
184.88998 -56.32463
201.72470 +32.19322
218.54529 -40.54877
249.55844 +41.93885
326.65411 +8.29245
354.21832 +26.51000
27.69511 +32.54670
71.09477 +9.78355
278.99390 +51.45882
21.30427 +2.06695
41.49408 -28.26967
105.46693 +22.27711
115.11946 +20.69923
141.91852 -80.17995
178.74017 +69.33011
241.37158 +19.94214
280.48856 +50.23561
5.35653 +22.51171
13.48022 +24.77213
88.90083 -53.94614
150.31403 +70.98558
165.39160 +45.65383
168.60022 -3.89317
266.77301 +57.30107
298.00946 +48.12682
300.28668 -37.78508
339.69778 +72.54669
2.46629 +4.67516
92.64375 +79.86691
229.82971 -41.23313
259.35504 +7.69535
264.61353 +24.95343
342.54733 +31.37851
69.61022 -21.74536
180.65233 +41.05421
234.85130 -6.84452
336.96048 +29.09597
341.05127 +34.35122
57.49404 +17.83369
68.44356 +11.85292
247.08331 +38.81142
19.10969 +39.05286
30.53036 +23.54985
51.16211 -40.23970
241.91991 -62.30991
264.63617 +12.74387
350.00504 +32.92287
42.33616 +19.30400
178.42703 -54.10488
236.64998 -62.85793
275.74554 +30.66742
307.73029 -0.64934
332.02390 +67.69252
59.87470 +21.79714
344.83224 +24.10691
91.63750 +74.94717
193.23421 -26.69695
199.08202 -16.67047
217.98428 +33.64256
218.29044 +3.94654
232.36203 -42.89082
257.46234 +49.30944
265.15842 +41.30141
307.57434 +13.64681
331.28720 +26.60712
11.20837 +20.10873
22.43402 -18.33938
43.93939 +30.75600
103.53023 -37.00314
114.19608 +55.04099
152.06818 -40.18190
321.87280 -49.10416
355.82138 +27.35900
37.63629 +28.73389
57.79190 +3.79509
67.44692 -12.50450
180.70938 +18.01553
270.28195 +24.74340
317.12085 -43.48941
343.05142 +49.44506
344.37384 +8.79389
359.21478 +5.50841
33.52322 +5.17329
71.12523 +28.03521
156.15665 -0.86862
165.46445 +75.20135
210.11404 -7.95619
267.01852 +14.74148
308.01617 -57.58765
343.58194 +11.78248
13.39621 +31.41970
39.68475 +2.23128
47.62761 +35.08394
116.66045 +9.21952
157.24257 -67.51435
3.67029 -37.65735
95.42256 -65.17805
111.09641 +49.30139
114.44700 +28.64389
173.84666 -46.29324
5.21571 +21.53657
54.11574 +48.50498
67.34488 -62.88894
262.64548 +16.28874
329.18259 -28.41416
354.82407 +25.02051
41.17823 +17.16996
44.97872 +24.22539
49.85686 +40.47896
79.79220 +65.46999
260.92599 -64.95802
310.83572 -4.49980
328.09766 +3.42715
1.66731 +26.15452
37.34613 -42.98600
80.15552 +5.14713
108.18243 +6.56583
110.38608 +55.75745
152.87659 -39.88125
219.75450 +30.95685
252.69458 +4.60468
281.38409 +59.98110
358.18411 +27.13236
23.78675 +31.03865
24.90771 +7.23732
34.72557 +42.57773
40.34880 +36.96392
47.42808 +40.97421
50.37006 +41.53694
103.70369 +23.50189
171.37869 +35.50469
209.59148 +8.25476
239.33737 +47.16648
80.05238 +5.83758
163.64787 +56.99071
286.24536 -58.57940
19.97248 +32.46735
42.64809 -31.52008
87.22076 -25.63480
130.86023 -53.69593
144.33043 +33.82356
155.34714 -4.83930
238.89993 -60.94104
242.28554 +12.08494
8.97701 +31.87330
28.66837 -62.10490
202.64014 -6.09225
246.95413 +62.69086
270.28516 +22.55264
332.41821 +13.63573
338.61057 +25.03041
5.46416 +22.39999
64.83706 +2.59740
285.89835 -53.17178
9.41615 +10.35798
40.14817 -20.39725
68.52650 +73.29913
118.30842 +68.09728
169.89557 -5.40305
175.20015 -69.12878
271.16006 +20.09706
272.95004 +21.42826
328.88559 +42.96817
332.95538 +2.43986
46.11513 +7.60337
101.39667 +29.22284
102.84882 +36.91317
148.89293 +19.29629
149.19766 +53.15231
159.12177 -27.39344
225.17917 -48.04792
255.37253 +48.42592
328.49600 -29.28909
346.47253 +16.89309
23.01900 +39.19571
127.33512 +67.18291
132.81642 +19.34204
186.69469 +7.91900
193.13763 -15.51691
248.10374 +76.73955
248.26682 -59.47006
266.61612 +30.70475
21.32450 -1.51747
191.73642 +42.26656
218.81213 -69.73330
0.22191 -47.35680
24.19164 -14.05289
83.15317 +66.03651
109.30731 -28.91688
110.78448 +55.62733
137.75703 +13.41411
150.20697 -64.06081
273.02887 +25.59539
347.05148 +13.03362
348.97162 +5.12850
3.96906 +19.77430
5.36903 +22.55641
101.44451 -31.23040
331.44034 +16.76776
345.99133 +27.30227
7.62777 +23.11683
135.55212 -58.91322
142.44662 +21.44246
182.71344 -55.34542
242.55063 -61.26693
350.45532 +3.82856
350.84128 +24.75082
13.68832 +16.43810
40.88612 +31.78997
76.07395 +4.65138
86.13844 +79.58923
94.01682 +47.15819
121.03329 +62.98389
122.37618 +5.28068
334.12820 +36.45863
357.60303 -27.94053
35.01254 +41.70341
104.67720 +25.19681
237.64203 +28.63848
10.92497 +23.47627
181.34659 +17.88597
218.54079 +27.94671
17.07772 -47.07212
32.83055 +15.88380
36.72751 +23.79966
60.87442 +26.36281
99.12796 -37.78416
100.91393 -27.20495
127.77951 +9.49535
139.86075 -59.57367
151.24767 +79.27154
165.50789 -6.96702
174.22755 +17.88860
245.46764 +38.93242
314.75201 -39.46159
50.67152 -4.18655
58.73118 +18.38415
119.23119 +58.87814
200.73712 -50.00697
312.52795 -51.90077
351.82846 +37.22184
121.86511 +25.13314
164.88031 +75.19128
201.61826 -53.91117
225.30751 -47.98671
82.18642 +49.88341
149.92769 -31.21623
197.10201 +35.20643
268.83752 +31.84719
303.21191 +79.40642
331.32742 +34.98924
102.00043 +51.15040
111.19801 +7.19990
