153.57829 -64.90626
216.88162 +69.93626
320.15518 +1.09247
20.46319 +33.28267
35.65595 +25.93982
42.10846 -29.59431
45.16772 +32.65630
142.88675 +69.75874
209.15410 -70.92752
266.20352 +61.91056
276.11075 +20.90255
323.64197 +18.95085
7.20134 +11.64249
38.95713 +24.45726
83.58290 +6.79085
348.88788 +19.04813
9.91606 +3.53629
29.46253 +44.91858
41.90860 +16.83583
194.23334 +84.10255
208.64105 +71.27599
71.57073 +76.41890
125.36652 +3.16928
257.55734 +39.01463
328.85706 +34.51112
351.23688 +9.47506
9.78499 -14.17283
40.07995 +32.26225
85.16621 +16.46119
103.33843 +30.27765
136.16257 +18.46442
154.41603 +74.34739
178.09593 -5.67366
266.81946 +61.30898
267.73166 +17.14096
296.79758 +62.52494
319.45624 -66.42767
340.54196 +35.92759
348.20480 +9.17737
68.31496 +11.93470
78.03617 +5.46202
106.13730 +45.33783
170.44685 -4.34428
173.26624 -55.55061
217.65044 +11.87667
224.61058 +8.20837
248.78833 +46.21391
254.78607 +28.99199
337.79468 +35.37518
8.74715 -2.83964
9.59670 +29.47258
35.89206 +26.55705
58.35567 +17.17952
165.09909 -9.98247
192.09488 -41.12305
320.88901 +17.58370
331.85095 +7.03998
345.17004 +8.46775
78.35465 +20.55708
88.74472 +39.09269
128.43970 +56.81926
151.68771 +31.09772
157.46124 +69.08405
317.91187 +57.28497
344.92435 +26.20487
353.14401 +6.85053
356.44003 +29.59978
17.35808 +16.96051
40.86185 +16.66283
41.10390 +37.49208
75.35500 -44.88068
107.42397 +36.36919
114.51102 +59.53367
230.75642 -1.34717
261.33615 +60.02024
328.91776 +24.89782
7.61943 +5.86123
11.61738 +31.80903
29.07734 +4.07628
87.08165 -25.28162
155.23804 +25.36484
197.67337 +20.53678
15.16543 +30.12476
34.06015 +18.31109
64.43499 +1.56473
75.92972 -27.24533
100.19875 +33.59856
161.87708 -1.49251
174.81807 -53.55359
245.79890 +1.75439
267.08984 +54.14903
270.44138 +28.42442
0.12003 +32.78236
4.10036 +28.97652
40.86110 +41.40676
53.65672 +3.59300
128.63968 +75.15316
153.62216 +65.93657
256.79184 +34.26978
261.63031 +71.09627
359.24170 +10.82447
29.20951 +31.70319
60.12249 -49.02985
87.86227 +48.63824
97.07719 +24.29305
109.30611 -28.32044
136.13959 +51.61419
169.74501 +22.88649
197.76176 +78.41328
266.16089 +56.49608
300.61682 +1.64765
344.73889 +20.39128
354.79962 +27.11535
0.26987 +4.54060
36.86390 +24.25879
44.13690 +15.91029
158.46042 +40.29131
256.70807 +2.24423
179.37686 +32.33416
208.16580 -1.99767
30.98415 +19.66871
41.35260 +2.88053
42.14837 +12.00865
73.05478 +64.03745
243.81430 -60.93758
324.86148 +2.82711
352.16266 +35.42658
20.47954 -16.37036
26.44844 -27.91656
32.01646 +28.33214
32.66259 +41.51821
55.68673 +43.88610
177.36319 -68.69388
186.45384 +33.54675
265.30219 +45.15201
311.24619 -76.98470
51.94300 +9.11516
108.71751 +36.07936
118.29601 +9.39925
185.05966 +17.34664
293.40170 -59.78735
338.28812 +39.15572
26.12398 +12.42945
28.22473 +36.05288
40.71704 +7.59775
48.21216 +18.79451
69.26207 +16.40569
72.59679 +12.01697
103.47858 +19.29968
108.59097 +35.39877
108.84325 +36.03827
174.94815 +19.93336
351.88098 +12.38520
359.66879 -17.55886
73.78958 -16.14982
79.34544 +6.87739
154.77734 +66.71984
317.68942 -23.13514
321.19183 -42.60434
353.59637 +34.62490
358.37259 +11.31763
11.79291 +23.07380
13.76008 -13.67819
20.73791 +9.46888
40.15107 +45.65337
60.65788 +25.23283
65.25365 +40.71144
109.33523 -34.95824
136.19675 +22.02842
228.39218 +5.44749
255.48930 +6.66598
281.84607 -63.31035
287.33850 +43.06432
317.91681 -23.16160
329.64993 +12.03897
333.31189 -53.22845
72.14169 -47.81644
138.09549 +12.49800
162.89034 +76.91961
169.47908 -2.09200
209.10358 -0.24756
214.76607 +7.03169
242.78140 +38.25136
279.38446 +33.28097
1.09063 -8.04318
3.20883 +77.79539
20.08298 +16.02017
44.29973 +7.73399
54.21873 +13.40661
60.07746 -67.80682
109.21985 +67.11118
174.54404 -32.86301
232.29228 -39.25372
275.20703 +38.14267
292.33463 -32.19245
43.16066 +41.57826
49.05171 +37.17745
147.61536 -21.80254
193.77617 +79.44872
265.36713 +3.81430
276.25577 +31.41276
340.34113 +9.74286
344.00763 +12.76664
0.59017 +4.08975
74.28897 -0.82704
160.07858 -48.56533
190.27989 -40.88780
236.03564 +72.43118
270.69061 +26.23684
18.75346 -32.24380
182.06389 +25.81143
205.59818 +29.82487
344.54144 +29.22839
29.04183 +10.79623
121.05777 +62.98161
185.53188 +23.86960
337.41315 -19.75054
92.47472 -33.59225
105.81045 +54.63312
158.07196 +27.66878
207.02721 -30.53477
231.56190 -65.07974
237.91508 -63.70248
249.47722 +6.28110
16.32909 +31.68217
17.01974 +33.45322
56.21198 +3.33740
93.10891 +44.43889
187.18329 +22.82156
262.37930 +43.59112
325.78479 +44.91850
9.73974 +25.63862
37.52762 +38.10126
115.28022 +81.12963
125.15636 +40.27848
159.43076 -44.70553
194.99838 +37.19336
239.10585 -8.93618
254.47035 +28.12851
5.38953 +22.59196
18.23807 -31.45012
35.13226 +38.52404
35.98309 +37.06276
102.65946 +45.96742
160.00682 -46.15172
205.75134 +72.33109
234.22154 +4.75793
244.28877 +34.87889
248.44472 -57.54514
279.31546 +19.97853
357.64355 +33.58397
138.86719 +31.80696
195.61656 -55.95049
314.31223 -27.61917
327.77023 +1.98706
21.72844 +13.04458
27.30376 +33.09583
157.81322 +72.12645
169.82729 +72.82401
241.81451 +69.93147
3.55277 +28.54510
44.07599 +31.89715
73.46595 +3.74183
104.08895 -62.84626
156.04190 +78.62894
347.96536 +24.01033
10.84836 +50.67671
42.31481 +29.95979
51.35293 +40.53672
265.29095 +66.67921
266.66483 +51.28136
347.58633 +7.37066
20.05447 +33.50641
161.38452 +24.15009
207.62495 +19.29767
6.24962 +6.66480
20.64593 -4.23505
58.42823 +42.00795
58.53203 +15.99004
67.78460 -63.32369
98.09790 +35.18991
104.99529 +34.08356
217.19394 +30.41293
223.42805 +3.58227
267.71985 +47.19734
348.66730 +28.55734
356.20175 +4.73561
17.78180 +33.22702
232.90341 +7.31242
241.96710 +1.40387
15.34859 +31.04083
29.95781 -7.05928
121.37005 +37.55783
121.63767 +4.57805
266.80722 +7.82661
312.04480 -19.85608
357.65909 -28.43463
21.98743 +2.14237
34.17061 +29.96712
54.98712 +10.94225
77.83263 +51.53415
110.43435 +55.38870
308.82529 -49.86546
325.38385 +17.02321
353.28900 +4.55253
31.85575 +32.95203
196.76143 +13.63736
284.13870 +51.01590
11.96979 +38.42064
45.87695 -61.13899
89.78184 +78.50967
149.05003 +75.86651
224.62294 -6.81913
268.81992 +62.66987
314.98718 -55.56196
7.11852 +23.49715
38.42718 +37.66744
41.64835 +1.44287
42.46114 +13.14536
92.70715 +35.64503
165.88580 -1.50978
217.15350 +38.99919
241.40335 +17.80212
247.03008 +52.38339
261.09583 +49.92922
344.90518 +2.34458
359.96060 +32.70236
9.02749 -32.60322
28.21092 +36.22345
41.98808 +37.56963
222.16135 -85.89596
263.28000 +43.82208
273.76544 +29.76973
316.95581 -10.40854
348.11710 -61.52133
85.71956 +69.89270
148.15120 +9.88200
257.82410 +49.98771
310.86172 -10.03180
326.81909 +10.24117
335.59967 +5.13911
5.37097 +22.50586
18.76640 -31.78389
144.15495 +48.47436
153.00871 -2.14611
159.53970 -50.15964
294.56958 -38.89476
316.51901 +15.97284
10.70407 +23.49017
17.30621 +31.97943
144.75647 +17.02522
209.01842 +38.30408
269.52902 +21.27211
31.86940 +9.16830
44.11588 +16.00817
46.64562 +7.84233
108.78479 +55.41953
109.51798 +68.34270
258.65250 +41.40948
334.77631 -24.18239
36.72150 +41.68951
150.29042 +22.40232
183.86140 -38.14416
242.82088 +13.86607
17.50492 +0.41172
31.58085 +9.22742
32.16830 +35.91954
345.78934 +20.01800
42.42452 +46.57617
67.98056 +1.19910
156.50146 +70.29032
168.13564 +72.49870
177.81300 -6.10629
236.10652 +55.66536
268.23428 +29.62531
336.66776 +35.05780
347.63922 +8.14070
26.74126 +28.75615
37.35983 +31.47165
293.30405 +39.01677
333.07520 +11.49579
345.82666 +19.95580
356.23929 +9.19309
20.67084 +3.60148
44.88413 +41.37593
89.13370 +13.52712
176.49945 +20.43893
1.82128 +27.67838
32.47758 +29.51166
37.08430 -42.76375
90.28321 -21.73861
292.65445 +43.42687
350.28281 +29.54961
9.19090 +1.88646
25.35168 +8.52546
46.02590 -12.01546
100.23067 -37.06374
125.05638 +44.23033
258.07904 -23.37200
279.98535 +40.02642
24.58688 +7.53413
44.92605 +10.56948
120.83327 +3.05226
155.75961 -39.16655
174.34212 +25.74130
177.20808 +60.19552
246.13933 +55.91455
255.24605 -18.80663
20.79836 +33.52926
45.18328 -10.82256
45.19138 +23.18588
95.70719 +29.36611
137.34395 +15.79612
149.80423 +57.95227
262.59225 +67.32261
275.74716 +43.66069
329.85199 +10.48445
37.58965 +35.32595
69.51791 +60.67014
229.03687 -46.48045
263.41614 +36.56024
276.67157 +42.67069
339.64514 +35.34137
60.41991 +23.11272
107.40836 +46.08093
133.54085 +67.90772
183.99675 +27.44219
200.07539 -13.09842
214.41429 -24.18342
264.65182 +23.91402
44.34079 +41.93871
49.68888 +43.24071
86.77390 +17.55350
112.77936 +59.48164
214.74437 -27.21634
266.91412 +9.54715
322.84659 +43.60503
1.10210 +31.47199
17.85678 +1.64022
20.28373 +42.85141
43.70001 +41.40971
125.48451 +62.95965
187.40190 -8.43540
260.99710 +51.95852
2.14178 +55.51139
28.60127 +4.80390
30.28269 +26.84410
218.82233 -69.84528
357.25650 +26.78847
359.76437 +1.71989
19.08563 +46.74796
177.52472 +24.92008
248.53070 -61.62947
358.84644 +30.39319
20.56230 +34.66898
103.55369 +65.20274
206.70610 +14.40049
263.93369 +24.78706
327.93265 +25.25565
346.42624 +24.63330
22.70562 +41.25729
26.87565 +36.03492
43.76782 +9.11141
106.22076 +54.00201
150.39764 -2.99446
199.29451 +30.54271
264.16440 +42.08833
349.72769 +29.02323
20.95634 +33.15622
351.76746 +17.81461
51.60863 -4.20950
59.72679 +10.43418
143.08791 +10.80917
335.65094 -21.73722
349.48746 +11.34917
17.63960 -45.79433
20.08284 +30.75885
177.40260 -52.86635
265.46463 +18.28891
274.62753 -54.69440
11.78449 +30.34093
24.56444 +41.65405
29.07062 +4.64715
35.77902 +12.86499
79.05915 +6.10702
131.07741 +68.83887
142.32326 -60.00186
236.63168 +12.14274
341.50397 +10.85361
343.15958 +6.09366
350.58032 +50.15912
101.80577 +42.34389
222.09525 +18.35464
330.33527 -31.52970
2.38672 +48.13519
37.09222 +23.21466
39.24433 -5.34923
104.29356 +54.29962
225.12204 -16.83430
254.64937 +54.87081
