257.15909 +47.24359
22.95421 +17.57581
24.67922 -33.02423
31.18761 +21.43451
56.32444 -51.99727
189.36685 -72.40504
193.11195 -9.75397
254.63760 +59.75473
280.77481 +43.94916
302.39847 -55.70930
333.10880 +27.20840
340.11917 +16.01077
4.20415 +29.61946
67.86641 -12.29974
112.10329 +18.40435
209.47441 -47.63170
230.61388 -43.13616
309.65887 +12.17501
322.85049 +2.49127
354.99417 +26.83425
5.95558 +39.53820
12.69653 -55.60745
103.23725 +27.63349
104.38884 +11.05389
161.49065 +75.09829
236.88626 -78.10687
249.00961 +56.04740
257.54605 -19.82021
358.18665 +33.32983
9.95256 +21.21588
42.31669 +14.52658
52.47140 -52.51509
198.07922 +70.64935
199.51483 -39.34573
319.86163 +14.05744
350.31796 +11.39734
20.42945 -11.76948
49.18749 +6.00560
193.50612 +74.64877
274.05945 +55.59100
284.23569 +17.96204
306.30008 +5.26308
355.92593 +26.70699
27.80575 +32.62484
50.64923 +14.95952
107.05095 +49.13787
258.96964 +36.40581
302.87326 -8.50958
332.29453 +13.50600
3.33920 -49.36220
31.81307 +32.95284
56.21943 +46.20194
324.02951 +9.66037
345.90994 +1.84960
95.22677 -65.01882
98.46783 -8.72290
159.17171 -27.56100
211.29680 -3.36983
62.95595 +6.45243
254.26677 +5.37200
254.60004 +58.95596
270.45291 +45.31045
0.78701 +31.03640
29.04624 +6.74477
39.09987 +7.53363
97.84157 +50.09374
196.05028 -4.89106
219.29242 -30.47804
249.19580 -82.33401
330.46402 -22.48562
92.58937 +50.78546
258.58734 +23.07158
291.99573 +34.75573
30.06696 +32.05998
30.88534 -60.85295
42.35737 +15.80103
60.32597 -52.70746
61.81009 -53.68092
137.85600 -55.87750
159.14117 +5.55365
357.89423 -28.07170
16.63758 -46.64352
41.87735 +16.11138
46.84738 +37.83607
137.54736 +23.12163
146.03978 +65.97742
323.58218 -40.82755
351.72495 +15.72518
40.13751 -2.71986
351.25708 +8.26565
29.22777 +33.26662
35.54334 -20.38871
81.41098 -31.55281
144.82106 -19.10109
157.11380 +12.70402
240.02452 +79.86374
242.60252 -64.70856
333.09277 +14.02440
17.54338 +43.10847
39.10622 +33.58115
253.12413 +60.51453
258.08243 -23.26157
329.18973 +2.58736
125.34290 +62.65239
193.68134 +58.77654
226.16496 +26.97718
226.16589 +54.71404
312.41531 +29.60806
341.01080 +15.87201
8.44758 +7.24871
27.71556 +33.09234
35.82884 +32.18844
76.61517 +28.08825
144.86021 +32.36546
149.12395 +68.03465
299.34241 -55.13709
42.38633 +40.55090
44.57843 +32.33593
45.88667 -12.03977
60.21194 +14.54487
73.24541 +1.33133
79.83840 +16.87529
239.79019 +35.02987
251.59373 +9.03772
272.97375 +21.56546
297.16901 -55.11687
332.44717 +18.50250
36.42879 +25.78475
42.82757 +41.56552
186.85271 +56.91780
248.56230 +52.94107
271.64709 +87.80944
19.90482 +8.17258
45.24106 +33.23373
72.00037 +8.71170
129.54263 +25.09881
138.04149 +66.89816
353.95795 +26.99455
354.49677 +31.99523
28.74435 +36.86935
44.55927 +5.97195
225.86565 +4.68452
281.78500 +15.93382
291.12128 +59.70042
3.14603 +74.35206
9.64909 +29.44762
14.00543 +3.55955
17.08391 +17.09943
179.58612 +28.35979
188.93938 +74.24265
266.06195 +67.61938
343.27667 +16.75234
10.17221 +30.16204
34.85014 +34.55571
218.04837 -36.93082
13.30508 -13.16389
54.30684 +1.86005
87.70766 -31.74072
258.89328 +16.32491
264.95612 +19.79812
356.52359 +53.23254
24.33799 -64.89487
164.82951 -51.44255
228.30460 +7.22549
98.79446 +26.46454
126.75578 +21.70682
146.62012 -41.49431
186.69676 +8.88458
247.90331 +57.70671
272.52301 +61.13347
281.87399 +50.38888
27.32404 +85.26028
242.61629 -61.41124
351.49243 +34.04846
16.28713 -17.75921
18.49937 +2.07146
261.96466 +6.48334
40.28892 +43.68270
70.19707 +67.73595
139.88649 -10.49877
195.81108 +7.80220
206.40216 +76.82833
303.18298 +61.69931
10.86473 +2.95819
23.06707 +21.41081
44.47388 +11.18291
145.48195 -42.09909
217.94914 +55.94750
8.90081 -4.73322
34.86597 +34.96434
74.11353 +0.71126
157.21370 -3.95463
335.77298 -28.95483
49.25951 +3.64941
79.18803 +20.87019
116.99464 +59.01450
218.92863 +8.30054
309.53738 +20.11340
328.68839 +6.42158
30.53564 +8.44513
40.51327 +35.70897
234.76826 +10.79942
255.65102 +41.78431
13.24298 +29.03243
20.24439 +25.54858
36.73804 +35.18128
48.66879 +39.61752
94.92717 -65.04243
144.40227 +19.71442
174.43184 +22.00979
174.73093 -69.96200
327.11734 +1.87606
25.18071 +7.98305
44.32393 +5.97976
79.14828 +6.50458
232.04733 +68.71554
299.23615 -55.79171
12.58660 -41.24325
76.21412 +1.83125
171.37543 +22.71400
176.21767 +19.45421
288.13574 +77.93330
341.86768 +8.22697
354.62158 +26.97878
17.01716 +21.12050
17.40748 -45.89769
63.59761 +2.73150
106.42247 +48.35855
111.84214 +19.64020
200.57936 -16.70835
244.34813 +50.63596
337.21509 +1.89839
1.24079 +5.12344
24.85302 -49.38181
32.11560 +6.39493
34.87817 +37.11180
76.06190 -20.11613
209.41530 +67.46928
248.92697 +49.22051
251.88896 +53.86121
27.77917 +71.31206
90.22872 +60.83878
113.54637 +23.96633
194.91615 -14.96735
240.83133 +20.63690
248.82568 +55.63441
344.89893 +17.97134
28.97397 +32.98969
64.92306 +2.35984
107.43678 +48.69049
245.74170 +14.60278
313.26038 +7.15958
335.36877 +12.50991
336.72647 +19.54820
43.33393 +11.96039
44.02780 +6.37643
281.24884 +42.71973
33.39127 +25.85551
38.17337 +21.03264
42.41774 +46.95446
196.32744 +31.44230
211.08649 +12.01604
255.15057 -28.44614
355.12402 +2.77459
2.50829 +28.21014
33.55573 -54.68567
36.30401 +15.05816
120.79420 +39.90606
154.27214 -50.41312
245.03381 +2.00846
252.18710 +81.61073
261.83600 +26.50515
110.54678 +18.89086
155.92963 +12.71548
278.81931 +38.45770
331.41257 +9.64017
55.35939 +13.57237
97.65236 +46.00162
143.02335 +35.53858
258.80966 +52.66812
258.93839 +52.84291
334.11179 +16.47143
23.36908 +44.94134
196.84409 -57.10501
259.58838 +41.64758
343.88336 +29.80504
353.35519 -15.68877
64.73090 +3.03302
123.40190 -23.26249
347.82254 +17.88192
11.10744 +16.81341
88.66973 +15.17040
319.74536 +25.43105
340.31339 +23.40692
348.37390 +20.64877
105.61398 +86.57955
158.73607 -67.72242
190.25674 -57.80336
195.31412 +80.02971
226.00499 +10.43780
30.32055 +28.83726
71.68990 -63.03126
156.61897 -3.68188
248.45920 +56.13288
253.71877 +70.43798
11.79632 -26.38233
44.52191 +46.49817
52.34246 -52.61934
120.04414 +73.06818
227.76118 +52.05013
267.17102 +58.40456
279.70905 +37.95151
344.26706 +4.67690
351.35083 -38.44699
24.41935 -60.86488
31.51302 +9.29555
100.77499 -74.21534
131.01250 +64.97530
203.81195 +10.69213
234.84532 +21.73936
248.17538 -64.83292
297.07193 +46.42441
348.91565 +6.70835
42.99305 +40.14112
68.32050 -13.15177
106.69380 -27.71704
121.72000 +19.84408
258.76501 +47.67662
313.87717 +15.52533
348.87332 +4.90059
15.04695 +18.28302
170.42708 +34.36270
177.96426 -52.03233
251.14203 +38.92048
309.84387 +8.91286
0.49367 +36.64909
44.09945 +1.97985
52.22709 +70.90305
109.91807 +60.29400
117.91602 +57.10097
156.49121 +71.19805
202.48224 -54.66127
211.73582 +72.12248
235.91478 +67.76084
241.59929 -63.78112
253.16183 +54.83318
264.62631 +11.37041
51.57465 -4.73540
55.97274 +6.52959
175.18423 +22.42937
209.31433 +24.25754
355.63730 -65.95649
0.38993 +9.01244
22.21449 +2.44650
52.33817 -28.13339
79.43502 +53.55127
301.90677 +50.51585
314.87976 -38.33732
318.59317 +15.24412
356.93628 -27.48740
20.84336 +33.43292
32.80037 +3.77970
72.06740 -81.68350
109.43776 +0.29734
166.83080 +23.48364
258.22546 +21.30315
40.98212 +7.82486
68.42303 -13.17023
95.45087 +46.71996
132.10233 +47.28922
145.82259 +39.54645
250.24580 +50.51040
252.71324 +8.78383
254.98532 -4.42765
316.03009 +13.25315
356.74399 +29.45891
16.39252 +32.42965
23.21548 -14.81461
41.90773 +4.63763
56.16677 +43.62758
179.11993 +50.42844
337.26340 +19.10047
4.75033 +19.39787
30.79309 +5.65706
55.93568 +24.06070
110.34010 +55.81107
154.06084 +72.57475
159.82922 -44.99932
265.51120 +25.62023
349.33694 +5.66078
63.55720 +2.86285
311.47736 -51.39111
1.66819 +5.11346
14.09324 +25.61543
59.24157 +16.48461
102.62891 -19.99072
110.29375 +63.67795
247.29886 -61.44412
57.26577 +17.05021
112.21828 +63.38892
173.43590 +21.37988
179.45096 +25.27063
266.49942 +39.69285
298.87634 -57.50813
342.38376 +34.91938
358.93427 +30.21226
18.03905 +12.24390
84.39996 +1.33444
135.86748 +25.64067
170.15953 -4.74917
195.77798 -23.09691
242.39165 +64.36623
269.91092 +61.35939
271.61584 +46.53983
331.07358 +4.66722
67.00095 +70.88023
222.76503 +79.60885
242.20029 -60.47832
248.93539 +68.42827
266.22235 +14.20092
287.54413 +60.12566
322.00879 +12.74651
323.10513 +6.58133
347.37836 +32.67502
139.37946 -62.88449
166.35249 +26.36486
320.95880 +17.57116
49.37928 +38.02622
54.34472 +6.48732
59.17030 -51.55691
80.47900 +3.34203
95.77217 -6.12036
108.23334 +49.76463
111.94321 +53.07802
124.41351 +77.50130
139.13028 -17.59682
198.82202 +44.40718
222.15250 -4.73619
240.27304 +68.25202
318.71954 -44.06863
9.55126 +30.89100
28.99368 +37.12939
56.05220 +1.70686
89.23923 +11.82513
161.17955 +38.31012
162.88797 +68.69585
198.90575 -14.87252
340.31485 +33.62371
349.68051 +22.87416
353.49289 +44.68000
357.08774 -28.11620
3.66822 -7.29592
111.11747 +54.57086
118.61481 +58.27064
192.38795 -9.74082
199.14784 -2.09134
223.92253 +45.54079
254.71123 +27.96502
18.42553 +33.21815
31.86429 -2.09127
109.07095 +22.98695
158.71182 -28.51270
275.13080 +47.57822
287.08716 +52.53662
290.95953 +39.56684
43.38003 +6.47367
96.43135 -37.23019
176.07169 +20.22330
176.26616 +19.62056
253.20253 +51.06132
254.83521 +29.94613
316.45895 -28.72932
339.90610 +11.76989
17.48578 +30.46782
47.44052 +41.26141
51.59225 +37.53589
240.41824 -15.51073
295.52103 +48.09841
344.05157 +3.92678
356.98355 -28.32110
16.54985 +25.55172
127.04443 +55.71247
128.33585 -3.50684
193.48274 -9.11887
240.93201 +16.32776
328.48941 +6.74861
343.84323 -33.89491
348.08279 +28.72326
92.77869 -33.30823
137.89583 -35.95694
181.08072 +79.40919
207.55040 +73.95293
255.18846 +30.13694
259.23846 +21.61407
96.26099 +40.29449
108.39399 +50.72595
111.71234 +48.70141
0.08959 -2.61206
8.95326 -13.61064
42.60575 +13.26623
