322.76288 -68.34155
356.11496 +5.66380
37.76733 +27.69952
73.99375 +2.23448
103.40277 +54.36749
111.29314 +9.51578
125.99046 -0.30484
219.28705 -54.01330
269.21350 +54.39626
325.75562 -52.68337
346.23352 +36.02125
24.70105 -49.31714
36.39679 +26.74340
58.60278 -19.19032
86.12358 -26.05880
111.84926 +19.62487
116.37875 +7.93171
127.41766 -55.60109
95.95587 +35.63961
135.27066 +53.21439
269.25241 +31.80995
359.75507 +18.83405
45.19384 +43.16255
163.06653 -17.13013
226.51981 +3.70745
234.84369 -16.69937
256.17209 -8.78695
22.27984 +11.13147
32.66082 +31.33696
37.72229 +43.34982
44.13504 +41.01250
51.70646 +7.12479
106.60065 +33.62820
225.09895 +43.28213
225.86644 +7.33851
256.28320 +30.40318
281.60397 -63.32534
327.99094 -57.48600
142.01088 +68.42027
245.14551 -60.74753
256.28613 +7.99054
13.35100 -13.15892
26.72573 +28.09919
37.47515 +25.25637
70.36817 -14.16159
101.61077 -36.88753
243.60368 +64.98276
259.07431 +47.30380
43.56185 +41.38366
55.69462 +68.06741
102.83050 +26.77458
104.74072 +45.05592
110.05582 +55.52063
149.37427 +8.12459
196.80037 -40.40760
338.13351 +23.27728
5.80326 +29.83662
138.50060 +52.63902
159.41891 -27.05797
200.07080 -14.81262
211.04970 -10.75434
29.19190 +36.88639
45.53629 +29.10833
109.60802 +31.56111
148.91916 +72.20356
156.86444 +79.31791
239.62306 -60.29546
6.18192 +21.10108
11.80322 +29.13642
31.89044 +17.20263
249.21883 +67.62943
251.04689 -7.85412
299.19000 -50.05574
304.73578 +74.36347
329.23627 -25.35052
354.55692 +27.41432
0.38116 +11.34633
28.83844 +36.30691
40.58490 +51.25387
47.67888 +42.75949
54.44883 +3.27102
162.99934 +79.15438
228.53732 +4.71444
293.53531 +49.27003
26.87457 +12.10392
187.75752 -55.13759
276.81152 +19.93862
52.19418 +36.55637
89.57520 -34.88833
117.43284 -39.03700
246.86343 -61.00402
340.10681 +31.84164
39.66185 +4.04551
79.73339 +7.04007
94.57664 +50.87351
104.41918 +9.14508
125.75459 -4.93485
245.18301 -60.71022
304.09509 +8.12023
358.41159 +29.25992
49.08879 -25.85484
223.88922 +68.40858
241.52249 -61.38340
246.15463 +39.12774
309.65894 +1.73780
358.96030 +26.84876
7.82852 +8.47501
41.17912 +19.45510
44.54131 +24.03368
108.51248 +55.04451
162.79585 -3.61436
198.67847 -4.17849
200.96834 +13.73346
209.51614 -15.74454
332.42844 +38.19724
352.00580 +40.46088
76.14816 -19.26943
181.66096 -47.34523
351.90143 +29.84728
18.16290 -33.66867
106.97160 -35.66914
132.74443 +65.63740
164.72057 -49.97345
189.95016 +12.97396
16.88049 +32.36198
41.54316 +15.95242
157.82771 +25.85357
163.50209 +49.60531
210.49597 -22.36362
240.64076 -60.55677
257.17865 +4.04990
264.43033 +46.38530
275.72192 +12.42938
18.46258 -45.40990
40.23027 +8.59577
71.03645 +8.83974
78.52882 +6.52072
218.11888 +0.29416
248.62041 +2.02598
249.75092 +51.50819
329.48611 +43.54955
63.30999 +13.35255
186.94998 +50.38788
253.73576 +17.26168
278.01840 +5.93898
332.36032 +39.21553
341.49661 +10.86750
45.30089 +16.20923
68.16051 -10.22713
79.82716 +17.43500
99.65888 +26.50610
160.22095 -46.09262
169.42114 +7.28784
69.03564 +72.90343
111.84732 +20.11379
143.55876 -61.28178
247.13904 +69.69348
281.79877 +25.80280
73.47582 +1.68254
349.69629 +9.23365
28.85285 +21.28631
53.20932 +36.21867
85.86690 -30.49502
170.55565 -6.20195
356.28580 +19.90121
95.55799 -64.72783
199.66756 +31.54289
244.07443 +64.10251
264.06784 +68.05232
19.06858 +46.74022
23.61621 +19.82058
40.96051 +32.51189
56.17009 +2.83496
98.28120 +53.51918
140.51457 +17.21246
146.16269 -0.22147
198.39307 -15.43200
206.78252 +72.07040
337.30743 +38.52774
352.10681 +20.02781
354.67661 +26.77386
262.31668 +16.16222
305.03378 +7.78368
352.74149 +17.48671
43.62665 +41.61056
67.43671 -12.14425
100.19279 +53.22876
128.08263 +30.52336
159.92744 -46.20291
173.69644 +0.23520
244.45454 +52.20221
274.38425 +19.44453
43.59867 +11.74740
67.85972 +8.16057
89.19178 +68.74329
166.89896 +22.85230
217.87881 +49.95877
218.77243 +3.55176
275.17999 +38.14734
332.16034 +38.08495
344.58829 +2.29804
355.39111 +3.72494
6.67579 -7.94678
35.03263 +30.01466
36.94326 +26.58948
51.83686 -13.74842
278.51355 +21.13166
308.91321 +8.27113
329.09277 +7.36671
340.98727 +7.39059
350.69806 +22.93679
357.95331 -34.92945
17.71757 +32.59342
161.63097 -16.65008
256.23883 +38.01957
262.45535 +23.32263
324.93564 +6.28630
13.79695 +42.22149
19.90956 +17.56463
74.80521 -0.58875
106.34864 +64.09238
126.39961 +5.11613
172.44302 +51.24577
232.31670 +39.62809
262.97894 +6.48344
275.41461 +48.40114
343.28427 +32.76356
87.09872 +50.63389
113.64268 +54.68706
346.40457 +16.45803
60.34367 +60.51085
72.42461 +63.06810
276.02847 +50.42475
291.27240 -63.68344
322.20145 +20.51087
353.92923 +20.28905
1.03686 +7.37938
16.27616 -5.33096
34.20695 +24.30208
160.80800 -8.19627
234.86453 +24.94761
242.22682 -62.75608
270.28201 +67.42612
357.18967 +4.17114
28.07017 +36.03672
57.48866 -53.48958
226.23166 +62.71536
275.51721 +36.62071
338.60532 +35.13610
356.89285 +28.43528
21.65700 +48.39339
37.84773 -57.75801
82.20757 -76.47103
96.29378 -37.34016
121.88638 +4.51653
160.36084 -46.28730
193.71811 +35.39447
239.82948 +65.23273
310.69272 -1.97269
21.59407 +9.90994
42.17432 +14.31354
127.31884 +81.05426
156.38965 -67.74514
156.44206 +66.95004
214.55167 -19.56902
216.49635 +30.47376
67.49782 -51.69834
161.66167 +72.32046
172.62077 -13.09100
196.71188 -53.08131
345.17072 +7.30305
26.12502 +51.66663
77.42426 +6.55425
100.38458 +40.16972
109.81705 +58.15488
245.75609 +3.64216
280.88785 -64.10685
340.51889 +51.13456
29.05004 +5.58857
40.47592 +5.94806
48.77230 +1.50844
60.31911 +31.73203
95.15944 +50.10840
116.94045 +6.79942
128.76978 -55.17989
156.83125 -3.18458
200.72462 -32.67044
206.20128 -36.07451
243.08435 -61.11081
262.62659 +29.31776
280.12518 +36.12496
313.96719 +74.59276
345.78644 +9.37723
17.22373 +32.51445
85.78510 -25.93752
138.06740 +66.90067
237.64182 +67.16585
278.80914 +22.49923
339.36719 +33.92319
57.03852 +37.45709
96.84038 -47.17675
107.93764 -26.65839
158.98389 -70.20776
349.09003 +28.49038
43.94553 +6.21752
64.03671 +2.07706
109.83959 -27.58218
113.70561 +62.54605
130.92056 +65.18444
155.24062 -4.95048
244.07497 +60.42918
244.20802 +35.70177
357.47995 +28.66796
22.22254 +13.79267
60.32575 -64.89674
102.19959 -47.27114
108.36555 +35.09652
112.93450 +63.24320
156.30431 +67.29711
195.61369 -32.54282
43.10809 +41.88318
63.48389 -53.47537
114.42916 +21.63472
237.54836 +69.56007
309.54712 +6.90268
356.06696 +9.04902
78.49557 +2.30299
103.74969 +84.04186
201.99495 -54.96788
345.70078 +21.87436
159.04585 -27.45416
205.30370 +83.49817
85.93335 +16.63013
340.37286 +35.26626
355.51401 +4.31083
356.38043 -20.98050
79.12083 +6.40236
83.91580 +10.02430
174.65828 -54.83590
222.90369 -13.58597
335.05438 -15.94824
4.54393 +18.29227
27.82480 -21.46263
126.22282 +66.86944
172.43060 +51.23772
255.21867 +37.10023
276.03510 -78.69228
348.49219 +25.44297
354.61179 +26.98517
24.13601 +39.92278
233.97437 +38.67531
255.74170 +40.52464
255.78673 +46.37362
277.60599 +34.10277
32.53763 +36.70456
78.89936 +6.26517
87.51097 -25.77088
158.47850 +67.77681
249.78249 -28.98226
309.33447 -80.78114
314.85016 -4.44120
316.58533 -40.56773
353.01059 +32.42244
7.28373 +2.81110
33.73368 +36.58377
41.80377 -22.20882
112.28982 +53.03845
340.70963 +30.50279
354.61926 +26.81853
107.35347 +39.10336
111.31050 +59.40762
118.77592 +55.70369
150.68512 +79.47042
309.26791 +12.65129
317.79929 +4.39951
35.60229 +5.84650
47.73264 +45.01767
54.13606 +44.03830
188.17400 +14.05158
198.43869 +24.98244
219.86426 +11.92867
259.27707 +40.84496
289.79181 +44.16039
337.05008 +50.76646
345.90045 +9.29066
349.84354 +23.82665
7.77669 +5.07874
25.92661 +31.60203
112.69564 +62.71989
266.50928 +59.32312
285.87833 +50.77790
317.11136 +18.19120
351.64365 +2.33422
354.57709 +26.88687
114.97740 +55.89928
139.41901 -59.61732
201.40486 -27.32994
357.20599 +54.56311
10.61322 -23.62880
21.63877 +39.88107
41.21991 +41.98871
71.28017 +72.78603
103.96579 +13.90604
113.96573 +24.47938
157.47104 -35.37521
164.99057 +46.07249
315.75769 -14.26011
40.93384 +32.49566
78.61390 +6.02829
186.35417 +80.29195
355.24805 +25.60591
208.64668 +38.44948
255.33609 -11.56162
103.72758 +85.63808
107.26138 +6.92872
129.25757 -49.90838
240.96007 +41.52177
255.36172 +6.92653
331.78555 +6.48611
344.10361 +36.24163
38.47482 +9.63183
44.26907 +15.98343
78.80109 +59.94873
107.83376 +31.14470
150.84837 -37.39585
159.14906 +5.91058
174.59239 -21.09604
222.88600 +74.51270
28.03734 +39.38258
42.41216 +14.61979
46.41866 +33.39404
138.63983 +35.71764
164.00859 +2.51134
190.65555 +14.35713
211.55168 +14.71113
316.11346 -48.23949
22.58513 +10.69989
30.66496 +27.57485
44.03640 +15.79249
101.37601 +25.83063
169.57182 +18.84693
211.89578 +73.03136
237.07234 +68.22076
279.10162 +20.87041
345.90118 +10.38723
41.99047 +40.30809
46.33292 +2.38018
209.65134 -24.46900
260.84668 +36.50281
275.78687 +30.75208
357.44247 +8.20826
36.55183 +27.60340
44.12056 +6.31762
108.48811 +7.75949
110.43521 +55.67924
153.13422 -45.23702
177.87556 -11.42473
293.09207 -30.27398
305.14676 +56.24991
331.34219 +5.18388
335.89804 +11.86117
359.61612 -32.94425
16.87750 -61.33884
32.74140 +32.69944
39.70010 +2.21743
193.24686 -24.05718
288.99060 +72.77415
324.95203 -22.58424
35.05714 +8.20545
61.46098 -70.40903
68.27736 -13.59926
70.15491 +0.50482
81.42365 -31.53649
164.93825 +17.65030
179.70117 -55.31684
268.11148 +7.48892
307.04059 +0.47325
40.92993 +7.69147
60.41965 +23.20630
86.81210 +50.64039
113.11444 +10.90447
127.50118 +70.83114
165.18768 -14.05480
254.98000 -18.73830
256.79996 +39.01193
358.83896 +30.38515
6.62175 -62.94118
36.88811 +23.05988
135.81360 +78.56297
156.41740 -3.58995
231.75891 +26.70515
245.08148 +1.74027
319.19534 +15.05821
19.01741 +37.64852
29.24118 +35.94579
255.59224 -26.67416
350.11136 +1.56029
350.51886 +13.03571
35.38581 +39.35680
48.81080 +41.98068
