28.14788 -16.51779
38.30967 +25.50611
137.37730 +45.95230
144.18968 +31.07549
175.98959 +19.95375
207.69450 +2.30701
270.92496 +67.05202
281.86224 +42.99263
317.44498 -43.57712
20.78113 -32.68296
61.40389 +11.30197
75.79794 -20.31673
239.59122 +2.96250
304.92365 -39.28860
305.02985 -19.70757
340.45312 +37.71920
145.53085 +48.15490
172.76427 -9.61901
244.57129 -61.19502
260.99313 -80.06407
311.84818 +13.08591
44.64338 +6.34417
246.30449 -62.05498
255.28688 +6.85758
260.12637 +52.64300
332.26212 -75.04885
3.63271 +10.77464
39.25880 +20.42743
39.90218 +42.01537
176.36104 +9.16073
212.43941 +78.60109
216.57382 +26.24611
315.49316 -13.17294
339.64487 +35.42754
0.12939 -50.15420
133.14722 -78.52038
178.43640 -5.42673
202.44040 +33.35261
210.83711 -41.37771
280.71188 +39.54906
301.68964 -1.74163
44.34803 +16.09520
75.64374 +0.24481
78.94906 +6.32291
108.36246 +27.51383
153.30214 -5.62900
207.06628 -30.57522
231.82372 -65.64847
260.66254 -59.50727
340.91714 +6.12194
39.25108 +25.62534
139.37930 +41.99408
187.68649 +57.30027
198.40286 +78.24172
282.60886 +73.34541
73.19238 +4.39225
335.99783 +8.90292
30.74544 +45.02376
36.56041 +37.29199
55.22596 +15.63395
193.27713 +36.81960
194.48204 -53.31878
195.07518 +80.06868
202.94678 -36.04597
234.48911 +72.55427
247.10423 +41.16853
253.32161 +81.64763
62.30537 +71.72509
74.08866 +11.03540
91.68732 -67.11726
115.68851 +66.25835
167.57773 -69.24206
274.18161 -49.79847
117.13148 +65.33660
124.36044 +64.54610
190.24350 -36.73189
273.99271 +13.78534
9.03878 -7.69844
34.71355 +33.72437
41.50490 +28.02804
42.14902 +14.26525
241.57652 +2.17053
321.48175 -22.76008
349.10364 +24.49703
355.27655 +25.16906
359.86972 +1.58333
35.82972 +53.39299
194.37505 +28.18715
212.17186 -55.23511
335.37000 -22.26263
347.41367 -72.02599
354.00623 +23.03847
356.44757 +27.33921
38.16866 +18.46593
98.41572 +40.68780
176.28882 -71.84079
176.98795 -11.85232
210.07674 +5.04505
261.81760 -59.94914
279.24350 -67.27415
30.47046 +23.55151
128.59787 +32.43483
298.48590 +2.06804
2.11731 +10.20552
40.44887 +8.38473
176.46588 -33.54841
182.12924 +69.54483
256.24277 +9.93091
312.96451 +16.22002
320.31790 -46.15279
332.31305 -35.10154
335.73196 -65.80289
67.20788 -46.96511
68.21124 -12.90984
79.19587 +6.49825
106.23123 +24.15559
158.81070 +11.92405
240.70985 -61.16868
8.37838 +22.90287
12.66477 -79.86738
215.39743 -4.54715
254.98764 -11.11086
270.51526 +29.10582
19.05248 +25.19163
37.29050 +6.85875
63.90189 -52.60116
124.49476 +2.20259
151.48305 +58.44899
237.44005 +28.54711
294.65997 -56.45792
334.15506 +3.41289
341.55521 +10.16077
348.76120 +1.43555
1.48834 -36.11369
27.82825 +34.87287
47.38278 -49.59624
315.93118 +16.04962
350.24298 +19.31805
2.51257 +28.15031
33.05737 +29.72658
109.86903 +55.60896
164.69527 -9.84520
174.79176 -50.66896
244.93694 +38.23447
273.40518 +76.34135
17.37407 +19.86493
232.84265 -87.43782
252.73418 +59.71891
301.14050 -39.11996
43.33689 +3.82620
44.46096 +6.05220
50.52222 +42.17030
58.41099 +40.88912
65.63682 +85.83800
120.75086 -58.70579
228.12914 +65.89012
311.42148 -4.95011
359.28491 +12.45759
16.94656 +32.30986
19.18237 +16.39997
109.63264 +27.15799
240.35785 +71.39877
279.04208 +38.16046
34.28027 +1.28245
53.24620 +15.87459
237.21790 +69.64415
265.06839 +51.05692
5.42660 +22.31088
38.59836 +45.00281
43.73367 -21.89818
44.29205 +45.39518
73.42921 +64.46972
75.38071 -22.98266
99.23610 +19.32232
152.75040 +9.84691
195.65706 +50.43839
359.27661 +29.83905
21.51260 +11.44298
25.66075 -4.86148
174.45442 +22.02615
196.79961 -57.21009
255.21480 +28.02224
0.66626 +8.73699
2.73749 +25.55990
14.97205 +31.82700
37.12638 +38.35346
51.91601 +40.89687
133.40329 -10.66757
208.48666 -53.90425
344.29135 +8.50563
356.81369 +32.78275
34.45592 +35.80680
78.20411 +2.71868
209.65114 +13.48288
1.55569 +54.53201
2.80799 -33.38044
110.15785 -1.57555
347.27472 -61.43842
3.61269 +28.51400
33.90801 +1.66198
38.63736 +33.94192
111.08167 +32.59118
165.04767 -5.38148
177.41875 +48.42598
196.57645 +10.37684
226.78265 +65.93495
7.89931 +14.61232
49.01611 +15.58785
92.40388 -20.10290
110.34189 +55.79853
281.38184 +40.68196
294.18942 -32.56561
323.14529 +2.69524
330.59518 +18.31872
1.06264 -50.64602
27.44458 +11.70137
45.58380 +41.98482
110.57378 +22.04528
174.62610 -8.97615
200.39136 -47.84458
260.63425 +38.49561
284.51456 +43.93584
296.90048 +49.82454
328.44473 +10.05195
347.28918 +7.50710
22.10190 +16.45932
210.68066 -54.49863
314.64151 -49.29137
353.43860 +25.78646
37.71978 +22.38276
45.04390 +18.90269
106.47017 -37.25290
164.25920 -4.26433
239.26437 +63.84083
29.20798 +4.02561
71.39612 -16.02136
116.64985 +44.80468
158.93620 -27.00019
227.57030 +1.93340
235.80945 +28.35627
340.13043 -74.92196
40.29200 +8.44238
68.95191 +2.25827
105.27087 +51.26966
113.48794 +14.98548
128.77553 -3.09653
147.51662 +31.74597
195.51706 -7.60318
205.55212 -5.09186
300.90240 +7.00025
330.80286 +4.29758
36.43834 +37.23172
44.23380 +41.97870
14.91533 +29.33744
19.95174 +32.76793
89.67080 +51.59916
132.65733 +40.25135
255.39134 -28.20142
269.53806 +3.73473
330.53983 -30.45863
331.78278 +67.69053
352.01743 +24.82171
9.87299 +29.76255
109.92694 +55.40787
185.67401 -54.35440
254.56453 +39.39150
311.40674 +22.74357
8.08014 -24.73339
137.12465 +35.61491
350.15527 +16.20897
14.21382 -63.48104
31.90632 +2.18073
117.00409 +85.55186
159.40096 -52.56980
186.03099 +6.60748
241.99863 -39.97475
262.48334 +24.88383
264.94009 +2.82789
271.43964 +34.75132
291.65585 +49.75844
333.52621 +13.48694
337.11414 +19.50806
358.06772 -29.44772
28.93224 +17.99874
40.05801 +17.88257
229.37408 +7.86168
263.32016 +43.62922
20.11736 +38.15560
43.56896 +42.72592
85.33567 -26.25927
178.92725 +80.22388
340.70779 +32.99363
351.14334 +9.26725
358.40695 -18.21461
27.50008 -6.48785
83.81850 +13.54864
172.61673 -8.10265
243.10081 -60.96955
254.47038 +36.40870
117.43020 -38.18864
123.66203 +58.02330
125.89266 +21.34766
177.75934 +20.79972
0.51302 -45.35804
7.59891 -48.68461
13.84455 +30.48720
44.04115 -13.68782
52.29292 -22.02126
68.81445 -54.31589
250.27849 +62.39987
21.00938 -38.63279
28.05294 +36.09732
29.15343 +5.80414
202.48170 -54.66367
223.34215 +63.67179
311.65674 -2.36381
343.90408 +19.17451
354.65106 +27.02965
356.83780 +1.93356
358.12509 -28.34248
45.30257 +41.71770
97.26829 -27.32740
191.01439 +28.90105
243.76181 +61.78205
268.66376 +60.81791
274.03903 +42.65633
329.89240 +9.40470
340.41135 +2.63933
348.41879 +14.02094
359.00809 +7.52316
96.20320 -37.35577
155.15718 +57.20751
349.26404 +19.14120
355.99036 +2.74539
36.32272 +4.44348
38.44576 +30.18940
50.07184 +39.56127
79.23373 +51.53236
215.92046 -19.44388
320.93924 +79.89358
349.83975 +19.02116
7.64251 +13.36629
36.87913 +21.98433
38.46158 +11.20349
84.05845 -16.67085
88.68203 +37.46030
118.86517 +23.74741
151.22607 +37.35879
167.82515 +35.38558
229.18781 +7.05561
325.90649 +2.63505
7.32727 +2.87043
31.49249 +14.91951
46.86688 +2.53060
214.80057 -26.82836
217.66968 -28.67310
25.09108 +37.20819
39.33440 +7.43981
251.87231 -29.31849
354.55435 +32.33507
61.18385 +2.42530
115.10350 +14.81741
255.04765 +28.27948
21.44874 -1.34453
28.31141 +36.33400
79.15157 +6.48858
80.43732 +16.83153
91.78688 +64.67333
215.75879 -17.68499
247.28461 +8.09024
285.76443 +63.83329
348.94043 +1.02782
97.18748 +52.57124
144.64212 -63.97293
204.38322 -53.32268
32.48550 +38.17840
311.39145 +57.09621
326.21716 +1.53673
6.81763 +39.79235
36.30865 +20.95526
49.06729 +12.93172
128.02997 +3.63537
244.95061 +5.16163
22.08516 +39.48871
65.93758 -23.08270
68.62152 +71.46722
228.96083 +69.27356
38.61549 +7.74055
127.62153 +69.02838
127.72588 -30.09796
173.45778 -4.21897
200.80785 -57.15527
238.96530 +39.76706
254.31715 +27.84963
313.94714 +25.79973
351.99490 +8.78282
90.95146 +43.52827
125.43358 +4.54705
125.45393 +56.28991
243.54428 -60.74218
269.59207 +9.68986
279.21744 +51.53074
59.24226 +8.51351
95.03170 +28.17726
342.20331 +18.56319
220.55577 -6.20053
254.68365 +27.85919
336.56897 -4.34139
41.37404 -62.12506
137.79056 +19.66748
174.19069 -22.22229
281.32526 +53.00326
28.08015 +31.53736
83.84086 +2.88831
170.21045 +19.37399
282.93143 +26.55486
299.58786 -36.41191
307.45486 -2.02896
21.55221 +33.40511
79.82825 +1.33467
92.73025 -33.73854
172.77957 +21.28020
265.30515 +60.44975
334.76715 +33.32944
19.25531 +32.67036
103.31535 +59.95938
144.57854 -39.01448
324.10513 -15.04299
327.77240 +2.77378
351.60281 -39.21598
7.30168 +2.87262
163.78142 -2.89075
250.28249 +2.63451
260.63553 +8.35612
5.35830 +29.62949
56.23270 +5.90518
97.70733 +29.42308
116.53814 +10.65987
159.12109 -27.48402
164.52386 -4.75913
200.21812 +57.64476
240.98201 +14.90250
248.81424 +52.78040
19.37213 +14.70251
42.46247 +41.56810
49.01187 +42.92154
104.00175 +55.40077
120.00571 +8.00620
164.77824 +1.88120
242.99788 +61.17681
243.28452 -61.42575
86.03307 +4.22278
112.12839 +56.82859
196.95961 -0.86830
334.91174 +35.52362
356.13690 +8.82966
36.60690 +22.99595
108.06300 +7.24101
111.65401 +33.82382
114.86713 +55.55029
182.63583 +0.67754
216.33571 +32.48233
225.84218 +10.65599
278.39035 +40.04893
286.15399 +49.64164
314.11481 +12.04127
354.56088 +7.80839
29.50526 +3.45450
41.74026 +39.01265
94.06961 +69.17374
107.97294 +5.61510
300.50555 +53.79842
324.82275 +10.33393
342.20261 +33.23626
0.18332 +28.40145
34.34114 +9.85167
152.57640 -40.78904
247.44701 +8.64423
328.64221 +44.39759
357.82709 +27.29358
10.74160 +27.25369
151.58199 -1.81121
210.59715 +38.71035
225.03580 +14.21268
311.28091 +13.39661
330.76810 -50.44194
353.20581 +27.06575
38.32678 +1.32022
53.58150 +39.59395
14.48076 -2.42789
44.08649 +9.66623
79.42908 +6.51554
91.29472 -49.29976
109.75708 +52.87675
180.13074 -21.32181
341.90585 +39.87911
44.81714 +6.13355
68.32790 -13.51315
98.41650 +40.66693
314.23605 +6.81770
