10.68471 +41.26875
11.88806 -25.28880
148.88826 +69.06526
201.36565 -43.01871
196.36366 -49.46790
23.46210 +30.65994
148.96846 +69.67970
56.70214 +68.09611
204.25383 -29.86576
189.99789 -11.62307
10.67427 +40.86517
192.72145 +41.12015
194.18207 +21.68266
308.71805 +60.15368
187.44499 +8.00041
202.46957 +47.19526
184.74008 +47.30372
50.67412 -37.20820
198.95554 +42.02929
40.66988 -0.01329
190.91670 +11.55261
166.45247 -0.03590
10.09198 +41.68530
187.70593 +12.39110
151.30824 -7.71858
170.06261 +12.99129
35.63711 +42.34832
61.94545 +69.81243
339.26709 +34.41592
143.04213 +21.50083
169.73315 +13.09221
189.08669 +25.98739
140.51106 +50.97648
287.44208 -63.85754
186.35022 +18.19108
145.63867 -3.69914
186.54922 +12.94597
40.10005 +39.06325
187.99673 +14.42041
186.26575 +12.88696
161.95667 +12.58163
133.17227 +33.42180
192.61089 +25.50076
202.49829 +47.26613
161.69060 +11.81994
41.57941 -30.27491
54.62118 -35.45074
114.21415 +65.60255
192.14961 -5.80085
197.73463 +37.05894
188.51262 +7.69914
3.72334 -39.19663
183.97685 +13.14940
146.41164 -31.19109
189.43166 +11.81809
190.53337 +32.54151
190.70778 +2.68778
189.20757 +13.16287
129.35260 -55.12374
186.11761 +7.31752
131.28436 -33.79476
185.72874 +15.82238
228.97369 +56.32885
193.09213 -1.19969
55.04960 -18.58038
188.91618 +12.55604
162.07040 +12.62930
190.50967 +11.64693
63.01806 -32.87421
186.86066 +11.10754
197.15636 -49.50641
9.74154 +48.33738
331.96841 +31.35915
221.23335 +1.95474
171.53577 +43.58592
226.62317 +55.76331
259.24780 -62.82055
182.02507 +65.17413
209.03015 +5.25474
185.47896 +4.47359
186.61293 +31.22352
114.09934 -69.53082
183.45122 +14.90047
188.53540 +2.65381
65.00175 -54.93781
13.72283 -37.68438
57.08638 +70.13288
184.70677 +14.41649
169.22774 +18.05181
184.96111 +29.61470
332.31769 -47.16666
20.44520 +5.25672
94.65713 +78.35702
179.39993 +53.37452
133.90721 +78.22308
137.58397 +7.03777
187.85014 +25.77498
167.87903 +55.67412
198.36473 +36.59365
24.17405 +15.78346
67.91473 -54.60227
137.90627 +60.03721
253.19304 -59.21694
23.57598 -29.41849
200.49023 -36.63021
178.45428 +52.32654
187.12347 +17.08495
187.25011 +13.97856
21.19883 +9.53884
71.42730 -59.24741
151.45065 -67.37798
309.30872 +66.10563
65.49509 -56.97475
359.45761 -32.59103
180.47154 -18.87720
185.02841 +29.28050
296.23416 -14.79758
187.45366 +13.42932
192.20532 -41.31109
139.82732 +69.20334
319.75104 -48.56201
207.31334 +60.19041
150.49135 +55.68000
187.50945 +13.63645
188.86012 +14.49632
153.56291 +3.46612
140.75441 -32.44976
267.36047 +70.14434
187.01622 +9.80362
204.38362 +8.88506
186.94022 +13.00859
178.23065 +36.98635
186.91875 +13.07900
184.84692 +5.82471
349.59842 -42.37057
29.83159 +19.00754
165.07739 +13.90123
179.48395 +55.45355
182.76819 +50.48468
193.23354 +11.23080
190.83391 +1.97836
45.30903 +44.89721
150.82976 +68.73373
188.18994 +0.11504
187.04633 +44.09356
154.22359 +73.40069
110.97812 -27.52906
182.63608 +39.40576
215.08311 +3.93359
183.77098 +33.19728
187.65154 +41.64363
191.27489 +3.05571
169.01950 -76.21632
189.98309 +10.17610
170.27855 +3.23482
194.83864 -15.04217
154.52351 +21.83194
181.39246 +50.53903
147.59264 +72.27865
193.07318 +11.31366
225.29694 +1.70197
204.16269 -33.96588
133.38644 +51.31358
188.58463 +8.19776
200.30356 -43.70469
60.11570 +68.57774
161.92667 +13.98564
181.76303 +43.06539
226.35944 +2.09932
154.57077 +41.42438
180.36205 +61.89570
81.69839 -63.76002
185.63350 +29.89532
17.36280 +35.71796
179.85495 +50.96169
208.36134 +40.28308
192.41232 +15.16549
101.92880 -26.75436
192.09550 +8.48730
27.23879 +5.90598
160.87979 +24.92222
178.30719 +60.67556
188.61304 +2.18788
315.88995 +29.89740
183.96208 +47.09179
210.91154 -33.97839
60.97617 -43.34885
56.32115 +76.63830
62.10057 -47.89704
113.08536 +85.70886
162.72208 +13.41214
171.18182 +38.76278
67.70494 +64.84792
189.22249 +7.24663
181.59631 +52.71095
56.13298 -44.64483
304.57977 -70.85881
263.10126 +7.06027
186.73515 +15.04742
184.53465 +28.17532
