194.18013 -50.34687
155.87753 +19.86495
202.45346 -17.96649
186.23096 +11.70427
177.31404 +56.08435
116.89188 -41.45214
198.84987 -16.38553
13.01798 +47.55051
187.24588 +3.57060
185.99094 +16.69335
330.66592 -20.81282
94.76109 +3.16428
124.69003 -25.49952
187.06429 +28.62030
38.55573 +29.31127
180.79036 +44.53126
50.68454 -37.10379
138.46037 -69.64500
182.40031 +42.53419
204.51266 -17.88403
189.35431 +74.19189
85.51990 +69.37838
215.26534 +3.27099
113.48438 -50.44302
189.99742 +61.60919
184.93866 +12.79833
149.60246 -26.92660
61.01133 -54.10006
49.96339 -26.06059
156.82657 +28.50740
173.14558 +53.06783
183.21712 +1.29968
32.08808 +10.99492
8.30050 +48.50874
105.66829 -28.69725
188.99037 +27.95976
188.02586 +11.17643
49.56686 -66.49826
169.60532 +58.78622
326.06717 -75.11132
199.72836 -21.03910
189.11247 +11.43929
194.86308 +14.17105
177.15913 +48.71082
300.86264 -55.94717
64.39906 -62.78367
145.64680 +58.85121
185.08968 +5.38640
332.11414 +48.44078
161.79169 +72.83967
172.53107 +9.27663
14.45378 +30.35236
111.76688 +80.17807
173.33823 +47.02909
169.65051 +57.99997
339.35223 +23.79833
154.60374 +21.89397
162.81761 +27.97500
124.74310 +57.80309
181.53584 +49.58231
178.20605 +44.12073
187.26254 +13.18385
45.89479 +46.38635
350.06049 +8.20626
190.92764 +16.39338
66.90880 -55.02779
141.07729 +34.51338
184.37358 +37.80711
119.56254 -49.85141
49.18761 +80.79332
142.11032 -60.80177
350.17722 +8.21700
95.23224 -8.49562
288.81738 -54.13249
67.91609 -5.08612
91.42652 -86.63202
95.46039 +0.36621
186.44508 +12.66207
192.53069 +72.87448
189.91455 -5.34421
169.24567 +18.14860
229.65219 -24.06859
11.78564 -20.76040
214.60713 +36.49362
150.05891 -19.63644
224.85045 -16.62399
157.61037 -35.35950
131.77258 -33.76406
58.00346 -83.83068
330.17181 +17.73807
213.31209 -3.20756
295.91959 +56.10946
194.53265 -46.26424
234.66582 +59.35588
209.05002 +5.01446
186.71091 +9.58418
191.13326 +11.19052
57.56205 +70.09470
190.30534 +10.15575
281.82559 -63.33116
40.81271 +32.42497
185.86642 +46.99382
190.69762 +11.44247
170.01582 +18.35681
248.80881 -58.08003
219.79607 +5.36355
243.94202 -60.91871
56.26214 -18.26604
203.16920 -77.84463
199.42786 -32.10170
211.66864 -55.35730
193.47064 -39.71432
182.37411 +43.68529
274.94339 +74.56837
243.76605 -60.90725
199.88187 -12.65701
101.94249 +74.48183
139.65295 -38.01009
229.18007 +55.40926
183.91322 +36.32689
176.52693 -56.39111
186.48178 +18.21393
281.82846 +45.55064
150.62094 -31.67741
214.61380 -43.38826
338.94263 -26.05025
67.68935 +0.86368
35.50419 +33.26607
166.95212 -46.52607
346.23605 +12.32289
184.67932 +65.89808
63.11806 +27.70187
348.68277 +4.53393
252.77838 -58.99346
253.47231 -58.77807
43.61413 +41.57961
165.09978 +28.97482
331.47839 -50.11933
275.57285 -85.40205
213.97789 -48.11485
234.90454 +59.33195
217.41827 +3.23339
142.49353 -62.18325
165.79671 +27.97250
49.95098 +41.51168
345.24982 +30.14478
29.08735 +5.62887
348.98959 +6.68752
193.65741 +46.53115
124.69157 -25.36976
183.91402 +13.90151
230.48567 +5.07054
304.23535 -70.76825
341.84232 -65.05849
170.26227 +53.16943
272.96347 +14.98177
357.85367 +20.11182
65.86292 +75.29557
267.95337 +23.07194
187.57260 +12.32854
195.24887 -14.51363
0.99545 +20.75235
184.87743 +14.87769
53.01423 +68.36839
206.75168 +60.97308
333.91455 +37.29871
94.09206 -21.37272
288.46808 -56.30996
185.89709 +16.72226
234.10945 -66.85975
42.33170 +8.09264
192.95015 -10.45473
39.84861 +1.09379
145.72600 +31.84726
20.91642 +33.25613
109.16273 -35.37344
218.87370 +48.74154
211.18013 +54.89262
30.06218 +31.42939
191.82291 -2.72749
193.37155 +2.16833
209.06944 +47.23562
132.34122 +19.07496
17.74534 +33.15200
29.08016 +73.28278
21.50248 -1.34514
224.69260 -19.26686
171.93314 +17.22410
228.55595 -46.80920
133.89479 +58.73441
204.98344 -31.64018
185.07399 +75.37090
312.17746 -37.99743
130.90872 +50.20554
257.60373 +72.30438
184.29126 +7.19163
220.04803 -0.28921
164.85846 -66.33280
173.98877 +70.53558
349.50558 -4.65031
