61.26641 +70.99652
189.37729 +9.55510
358.82928 +5.91582
212.87242 -5.04362
195.98743 -11.49658
102.15536 -64.27332
46.37880 +42.83542
193.35808 -41.20284
243.95898 -60.80305
21.14613 +3.79241
327.69427 -70.33414
276.97348 -71.60987
47.18517 +65.66212
185.77576 +5.25041
67.66637 +0.66168
356.08807 +9.93409
216.63867 +56.58264
172.13052 +58.56161
278.65277 +22.90966
102.53611 +60.84575
86.69774 -16.78266
254.76230 -60.21602
319.58975 -63.76067
36.82047 +33.57888
158.78433 -43.69184
27.82320 +22.35797
165.85577 +18.13539
186.11812 +75.52891
74.49630 +68.32352
16.85396 +32.41256
195.25330 -32.44135
193.36386 -48.74919
218.50519 -78.38750
7.31275 +2.86405
198.74739 -16.59031
231.89603 -64.17095
159.23349 +21.88213
107.08556 +18.78025
202.86783 -34.79443
119.21788 +60.34938
339.44534 +23.78669
176.45442 +13.76670
95.38657 +59.12668
152.21068 -67.03085
68.76662 +73.26243
333.90833 -45.85007
198.49191 -49.47871
319.63770 +26.44691
179.03102 -19.89618
186.32538 +4.92506
316.28058 +66.77304
152.71733 -66.64742
197.20309 -6.77754
198.58429 -46.12486
216.03163 +34.85887
185.89561 +6.08174
190.15353 -5.13301
166.69789 +72.56853
29.38636 +33.20928
177.20985 +59.41562
289.59448 -60.50109
39.63658 -6.67755
114.11740 -47.63555
108.57268 +84.38227
237.85513 +62.31003
208.14957 +0.81835
170.42955 +20.16957
228.76353 +42.04987
59.90612 -67.63477
311.14056 -68.74773
54.45708 +72.57133
190.38647 +7.31482
234.98912 +58.07939
163.22357 -32.92762
224.73444 -42.01337
356.06552 +10.76709
179.87570 -19.26522
110.92501 -29.65234
74.92458 -7.75518
21.38085 +1.75903
28.19365 +36.15182
42.07262 +50.80029
276.03152 +73.18324
242.49454 +0.70929
271.49683 +18.58724
39.58149 +2.11925
152.54112 -12.43377
304.90973 +66.72832
79.89718 -77.72868
134.24686 +51.34739
100.72079 -23.47599
252.17039 -62.60599
248.08734 +19.82655
178.42393 +47.85876
307.12024 +25.72341
169.83998 +57.75774
185.52344 +9.04357
209.02632 +59.74199
248.71898 -60.61881
45.42646 +35.20563
56.20813 -21.92057
130.66588 +14.28554
155.86255 +19.89844
173.45557 +53.12550
193.27370 -9.20399
27.35358 +21.99730
46.54964 -9.54141
188.87752 +12.22092
56.34296 -18.63363
300.17673 +66.22752
34.49852 +14.54404
142.39415 +62.49060
299.31253 +5.89040
55.70461 -22.10837
308.20926 +9.92643
12.44917 +32.27771
197.39482 -51.96857
126.04198 -18.77556
195.17894 +37.31528
159.64003 -7.17073
300.20984 -38.57505
101.82238 +33.56719
282.99780 +11.87610
266.24036 -60.73981
3.87870 +17.32841
227.38982 +3.05274
209.27075 +41.84600
21.14082 +1.73118
354.08551 +75.64813
145.22466 +5.16585
187.47310 +14.06863
62.07887 -21.05196
245.47890 -60.66915
138.90179 -63.06964
330.74188 +41.05899
335.61450 +36.20983
181.04663 +18.44345
101.80820 +74.23653
159.26054 -27.56502
250.42458 -69.37215
49.83872 +41.49064
94.11669 -21.37585
109.13010 -29.32471
248.18118 -57.85265
205.12874 -51.07089
248.16333 +78.19817
202.18372 -48.91681
141.42722 +11.43216
20.02790 +3.41527
154.23134 -48.88107
40.84277 +4.96842
182.13472 +68.76762
152.55388 -67.00507
20.79780 +33.46012
26.81729 +35.56329
192.51947 -14.73343
18.05886 -58.24798
39.79984 +10.84682
227.45599 +0.47004
138.42996 +76.47530
356.77011 +29.48344
177.28937 +27.02206
300.69687 -56.09030
38.58377 +32.50561
133.37427 -59.21711
139.94527 +33.74979
178.98869 +6.74938
48.38349 -25.72518
196.60887 -40.41460
140.60388 -61.04953
33.86517 +6.00262
60.70106 +1.96573
205.53491 +35.65427
28.30543 +4.19584
94.84039 +76.81168
27.55840 +27.64567
2.26786 +27.72941
133.42607 +73.49095
190.71846 +13.25723
43.42226 +13.01415
64.90806 +2.40993
210.17517 +55.16446
120.60277 +9.41358
286.76575 +29.00647
304.32202 -52.79675
186.31143 +15.60747
344.01190 +36.36136
354.70270 -6.51786
54.05647 +67.56464
137.02582 +78.08516
334.58542 +13.62373
316.94724 +16.33587
48.05966 -10.48112
197.51846 -46.43734
306.11725 -43.65353
124.47288 +23.47214
91.14261 +57.62774
226.94881 +2.56858
186.30133 +14.76220
228.71930 -63.80566
