192.58022 -13.32434
187.18982 +44.86422
269.01553 +18.37301
309.14096 +11.49471
336.61490 +16.14821
17.86522 -38.08347
88.72334 +46.43934
38.69572 +32.84621
193.21925 -15.41330
185.08655 +29.31088
19.89470 -58.52430
143.02599 +8.44186
273.46207 +18.82528
30.27688 -6.81585
244.08136 -61.29609
290.23920 +43.13249
126.78362 +25.97034
142.37601 +7.71882
224.66591 +53.88609
119.30725 +23.76772
181.34456 +50.35279
185.75795 +58.44464
240.89825 -60.15027
278.60318 -58.49662
49.97563 +41.56340
55.48924 -4.70486
101.59170 -26.10872
242.90390 -61.08137
192.77826 +10.91208
74.83596 -7.85896
140.51875 +71.84400
227.20476 -11.20784
290.37863 +61.14489
167.64497 -49.10261
21.41789 +34.71297
269.02380 +33.20840
75.18213 +62.24403
250.76794 +61.57890
261.79810 +11.54360
280.16721 +36.28964
263.88681 +60.81340
298.59802 -58.71356
29.45973 +36.34310
64.10223 -60.20682
13.78131 +31.54228
184.98358 +5.34335
27.43241 +35.78563
344.84540 +53.74006
233.63496 +15.19382
243.17395 -59.24279
292.48444 +72.11282
45.91000 -15.61349
246.34970 -62.63799
299.20499 +40.41113
288.38190 -47.06146
344.48972 +26.15000
147.73804 +33.55353
244.79811 +57.98415
268.99911 +18.33826
234.34344 -16.59577
238.59641 -61.34001
280.79782 +18.72762
74.86555 -11.12295
119.62518 -14.35427
320.28177 +23.08496
264.88159 -85.31042
308.77884 +64.80280
155.29276 -46.01300
174.58920 -50.71536
111.80984 +85.75455
250.51299 -5.03264
37.70269 +37.13677
107.05820 +46.11585
170.99277 +38.56237
193.00214 -41.14692
217.54340 +31.21550
112.05420 +58.50670
209.96175 +38.18245
339.23407 +38.54806
44.42320 +6.02693
352.26590 +11.44516
184.35947 +70.80257
38.53295 +32.94725
328.11017 -81.53082
108.30081 +12.26608
21.67731 +2.02235
281.73990 +45.70566
107.91849 -26.70506
271.09396 +7.28035
73.65974 +3.26797
269.87839 -63.66873
186.79828 +9.42055
124.48503 +0.74569
71.03761 +28.21681
27.76600 -9.70262
335.76752 -79.99696
134.87695 +44.91398
260.92096 -65.01024
77.94227 +5.20061
172.04588 +25.66110
250.76562 +36.83241
335.80014 +40.05562
274.92859 +23.70956
47.77229 +35.38682
223.31261 +3.95973
46.13481 +42.33931
101.51486 +29.34813
54.66073 -18.42797
304.87347 -70.85986
65.53724 -43.62957
82.85757 +67.73055
10.36676 +25.49937
4.43965 +11.45033
279.35901 +26.41720
42.66879 +41.67149
187.74892 +8.07794
240.95560 -60.97781
274.63947 +13.26502
305.88785 +58.34405
118.51998 +74.38624
310.97379 +12.51192
327.74268 -71.41329
9.21500 +23.99092
26.06091 +28.70592
49.18333 +65.02867
186.90285 +8.15434
226.36450 +1.63471
118.58653 +4.45970
116.05669 +31.65121
197.57387 -75.49657
198.16614 +12.59975
247.15945 +39.55135
9.82677 +3.03746
198.51341 -16.12312
15.15170 +30.66898
270.46530 +6.96825
190.67067 +14.29585
144.63959 -61.73849
153.08278 -47.29475
182.50635 +39.88386
186.39626 +45.68466
333.13147 +38.68277
352.11624 +22.42120
15.46144 -6.79981
306.91205 -47.02702
27.62853 +6.14521
35.83488 +41.95141
313.00681 -69.19331
123.31101 +45.98979
277.41141 +39.86514
143.63167 -20.92035
241.92058 -60.67034
155.45415 +74.17687
83.20146 -14.06280
27.63849 +36.37081
23.76930 -41.43620
144.12619 -62.09931
336.04617 +36.12587
9.82741 +3.33130
35.80408 +42.98782
53.57664 +39.35676
222.28532 -20.37603
36.36157 +41.82429
245.25694 -36.14211
352.22870 +17.30963
21.59075 +34.70303
217.06816 +25.84878
241.46660 +21.48496
17.15397 +39.64431
339.33075 +34.44790
165.40979 -70.95306
37.06029 +31.31151
70.40211 -1.80902
74.82244 -11.11866
216.05516 -16.72300
48.03888 +67.40597
280.80191 +60.65333
229.04144 -44.01487
295.42551 +50.63249
132.10577 +73.96716
351.83057 +12.46740
5.34335 +22.43362
138.66339 -60.43414
198.10977 -15.79786
275.59128 +23.47855
16.82331 +32.48288
190.23984 +11.91212
202.32982 +17.05172
21.19116 +9.99452
138.89549 -35.64804
146.91730 -30.94887
276.90463 +14.81906
349.90250 +8.06324
102.21162 -64.33553
113.54065 +31.40585
285.37787 -57.53204
6.49886 +29.21207
175.05627 +15.34236
197.46536 -16.51571
264.38916 +11.12173
