282.64227 +26.83838
208.54880 -7.58813
38.67966 +23.41306
310.87527 +80.15600
273.92914 +24.91243
268.17429 +29.83867
149.52888 +10.35979
176.80133 +89.09319
94.27003 -27.38858
194.54327 -22.87601
38.16598 +28.06994
45.40020 -14.83660
201.00720 -32.34394
138.37563 -60.78953
17.30898 +32.75214
353.61453 -36.10108
131.02464 +49.79391
326.81720 +72.47214
350.76373 -67.65372
93.62344 +80.44989
164.00610 +57.11697
320.80804 -45.77311
24.66347 -42.52752
37.04644 +19.59912
223.56857 +42.55784
46.43062 +36.78617
43.93422 -14.20778
176.05730 +57.94818
263.16571 +16.40177
27.30857 +13.05531
219.39697 -54.07935
37.12513 +51.44643
87.82441 +79.69619
27.71341 +36.27577
76.64865 +75.59538
282.87448 +26.48375
349.73605 +0.24384
37.36459 +31.64093
39.07589 +11.64207
277.66580 +67.98701
83.85654 -17.81529
86.44950 +58.70107
123.75037 +73.57896
174.93578 +31.93128
248.04597 -28.09203
20.44914 +17.59242
224.85329 -16.69347
320.63080 -36.68155
308.08020 +11.36730
23.42051 +44.92869
74.06179 +30.05223
232.00279 +64.76316
29.60963 +71.11890
113.13213 -84.07233
43.21276 +42.20544
110.80168 +58.06479
112.24871 -66.89830
217.13045 -37.58375
102.77623 +12.92204
5.38207 -48.62473
171.79659 +17.03028
188.71193 +15.55148
347.26422 +18.17720
174.34911 +61.75936
16.92752 -46.90759
32.41074 +35.79723
39.81229 +30.15167
338.99130 +33.96563
72.90347 +67.21676
345.36932 +1.75340
63.41165 +25.48292
108.11954 +47.16677
181.47295 -29.29208
332.73624 -46.08147
193.57919 +27.06806
68.20453 +71.88311
157.45244 -35.32238
288.51614 -56.61071
354.62241 +27.03137
153.04941 -62.53339
16.81536 +32.52035
74.84537 -11.13232
349.97684 +43.95771
168.24449 +72.87931
345.03687 -12.80789
243.48415 -61.01143
128.04713 +22.56058
171.92165 +66.58981
217.30617 +30.02641
294.46509 +41.00938
274.42117 +22.23845
108.88461 +64.92622
187.23976 +13.24192
208.36543 +37.91504
54.84105 -22.72470
126.20948 +73.41203
182.20816 +74.90430
46.88714 +42.38755
27.22273 +10.52162
107.28328 +48.61554
171.61084 +57.04832
49.74217 +41.47009
174.92708 +31.90941
155.16005 +25.50500
192.94110 -26.09018
20.73061 +33.17392
49.19466 +40.00364
230.29836 -23.65841
359.85626 +20.74985
305.89130 +6.44366
319.23038 -42.26001
348.93527 -2.38150
29.42582 +35.91612
348.20273 +12.67931
192.90686 -26.11741
359.81589 +46.88923
0.40968 +23.48363
31.23192 +28.98743
298.03650 -30.82527
29.23754 +40.34139
32.82233 +37.49717
95.59194 -64.93407
308.23312 +54.50876
123.55893 +21.35550
44.92850 +25.24116
39.31034 +7.30563
162.92751 +43.71262
21.43460 -1.37948
62.19194 -62.79759
193.40002 -8.63875
291.01321 +53.62478
132.59186 +73.46309
143.22049 +67.61740
182.96864 +24.12366
344.45630 -65.03855
28.28516 +36.81985
46.54128 +42.37193
265.63327 +0.21680
124.95132 +22.03143
357.74408 +27.14740
107.39245 +50.18225
109.01704 +64.71144
194.43719 -29.76635
281.31232 +25.51258
103.89884 +39.76460
198.95216 -16.51890
205.05341 -51.14226
266.78830 -64.63870
327.05432 +22.15958
277.24890 +6.80764
318.44110 +13.57491
128.97313 +0.70719
168.86230 +18.11036
238.93034 +47.86729
244.29504 -58.31253
27.17498 -48.64849
107.04591 +50.68193
112.02640 -62.36312
214.49808 +25.13685
71.09803 -8.53119
235.37668 +15.78767
39.11595 +38.96907
131.32123 +85.74001
190.60526 -6.97100
32.18549 +38.77721
113.26947 +65.07912
31.51678 +29.79301
157.27661 -35.59520
79.16167 -37.10252
100.13566 +50.10551
116.03802 +29.24743
324.16394 +35.69472
8.90174 +9.12424
39.16151 -54.85978
161.16405 +76.80944
248.82985 -58.21879
209.23616 +37.61036
295.74484 +45.29819
26.85355 +27.88576
43.79618 +51.90716
71.11874 +75.63974
163.83778 +7.69675
169.86806 -52.37164
14.17354 -52.97591
280.43097 -63.94819
153.36484 -38.19612
223.45631 +83.59052
241.10439 -60.73744
298.51028 +49.93785
265.68225 -61.69427
128.82230 +28.47346
88.85545 +51.91061
175.28212 +24.82170
262.34113 +16.20675
85.46301 -64.30113
192.79988 +71.63671
254.49208 +27.85439
358.36163 +7.87566
194.93904 -22.17540
72.39178 +0.25285
