246.53967 -61.66198
104.07301 +45.49280
212.51837 +17.73379
334.76526 -20.93991
17.09773 +33.13361
87.38144 +17.68551
345.69373 -40.83526
28.37354 +36.22129
284.94659 +18.83039
325.86258 +43.55515
195.87387 -29.82876
47.71946 -10.74799
183.12947 +29.16856
66.99999 -47.91273
156.93930 +22.84715
48.82462 +42.69630
208.02455 -6.05830
241.23622 +23.93283
1.27599 +6.92011
58.30561 +60.33939
149.07999 +16.83122
184.92632 +5.53820
120.44131 +56.55337
192.63797 -9.45112
272.73953 +31.11620
48.83791 +41.35542
73.53001 +72.32381
159.79681 -46.14105
145.54784 +4.67313
74.04076 +2.15688
36.53204 +31.91233
124.81141 -25.18798
153.17175 +3.12932
98.19653 +63.67367
238.55807 +14.60124
107.32535 +20.63597
163.66350 +54.30523
245.76292 +37.92236
251.47766 -23.45170
40.80185 +41.50060
296.78149 +59.90708
270.44327 +19.72895
316.48016 -48.20711
144.55679 -63.48656
266.71390 +20.76114
0.95359 +7.47864
207.61778 -52.66076
37.01505 +28.17533
322.93185 -76.48132
93.69782 +66.56749
273.14041 +21.42614
72.89765 -2.62315
66.90295 +56.74500
99.05153 +82.96911
277.09952 +22.73690
332.65942 +42.02127
40.91916 +1.37587
113.75941 +32.82215
186.06053 +8.53585
113.33326 +59.62536
161.54320 +73.35307
331.68295 -31.16245
115.82693 +52.31850
0.00695 +47.27456
50.99356 +37.75566
292.78360 +54.10217
168.79863 +17.26269
272.12781 -52.06696
349.56784 +6.58579
68.40767 -13.26196
39.66614 +41.64753
105.63776 +50.59059
163.70262 +17.62119
5.51344 +22.40809
80.64731 -79.85181
204.32800 -49.74886
341.88730 +40.23880
194.21957 -41.81332
215.57845 +50.50139
336.70193 +35.51872
39.96083 +18.02427
64.80894 +3.34834
308.87021 +51.59096
349.18018 +33.99582
55.98701 +39.29515
77.22797 +75.42789
162.11636 +12.53316
18.04021 +32.12316
203.33200 -53.35470
299.44241 +52.87993
329.37143 +41.24889
332.80008 +38.92728
344.33139 -1.04901
24.78753 +48.28266
340.95541 +8.70548
220.12518 -53.08181
36.50204 +39.47092
170.68265 -7.67625
38.58335 +32.42944
279.47687 +17.53386
13.03729 -2.21844
51.73548 +68.58124
210.85356 -6.06910
47.32647 +42.97215
242.57120 -60.95897
211.87405 -27.01787
304.68195 -16.94600
174.26187 +58.41558
358.33197 +7.87093
253.46756 +39.76019
323.95056 +35.35113
117.16351 +54.61190
51.77112 +12.55238
72.36590 +63.92518
339.37204 +10.53157
9.49040 +8.63518
217.50557 +36.36092
70.72878 +0.61859
350.42401 +8.88692
343.38593 +68.68269
200.65425 -53.43337
327.02246 -50.56522
193.01332 -41.45991
29.69999 +24.89248
150.35802 +15.76999
327.39798 +15.79045
309.72702 -5.63990
174.31021 +17.83996
323.63947 -40.81863
144.72279 -4.84870
339.62277 +35.32798
28.24865 +12.70847
39.83004 +6.54393
44.35833 +10.47894
224.10022 +49.69609
152.82903 -17.20429
217.45752 +49.62263
68.40030 +13.52105
122.84615 +3.63307
224.03514 -37.64787
20.26224 +33.89845
18.90678 +33.06771
45.37682 +37.76599
63.38977 +27.54159
54.77882 -18.29228
66.10558 -0.74623
81.22723 -12.68880
78.12373 +51.28753
267.94577 +24.48347
353.88455 +5.21465
356.74310 +6.86180
50.34571 -2.31684
50.05051 +41.36700
158.09132 -22.30229
198.70514 -16.49260
258.17828 -24.59663
277.43649 -42.75325
291.37265 -57.67044
357.22791 -16.54115
23.77662 -36.49022
109.42078 +23.35674
17.04518 -46.09406
44.69870 -32.09921
107.27475 +61.59554
155.79858 -49.47079
7.74206 +10.20841
22.02502 +49.24130
188.13953 -68.53886
84.13493 +16.64138
83.03558 -7.91815
125.79701 +22.66460
306.86816 +8.09810
79.44781 +58.23957
111.41946 -30.40462
268.95184 +62.61216
279.60938 +17.19715
47.80645 +41.36371
274.59497 +21.29296
349.30652 +18.70816
74.58085 +0.74224
163.47858 +73.69035
250.21907 -60.39428
86.86368 +79.63587
152.74956 -45.15104
153.38156 +22.73756
45.59335 +51.96979
213.37546 -45.41359
9.55160 +2.72855
45.99578 +43.39831
119.65563 +8.02968
151.71620 +14.37357
316.29251 -47.78971
31.71457 +44.57291
40.27572 +8.73801
185.82187 +11.36798
230.38783 -13.09174
110.39252 +23.54878
349.34476 -4.72786
351.66565 +25.08014
209.56204 +6.25876
