152.04196 +53.08348
251.80540 -0.27532
321.83948 -60.01460
39.71582 +27.84722
40.02631 +1.50879
72.62055 -3.52137
79.42760 -15.52339
110.71336 +22.58920
1.84908 +47.04074
139.63667 +73.75933
357.86145 +20.58624
182.32379 +29.92762
312.40192 +16.86558
224.08284 +49.40005
66.18732 -54.94201
86.63187 +69.05098
164.67871 -50.32483
193.71642 -10.24784
353.18121 +29.46074
47.32761 +80.13062
135.05981 +3.17771
48.21363 +4.70704
293.72928 -64.74067
341.26642 +33.99616
45.52787 +41.59358
67.28423 -53.82790
181.68581 +67.16320
233.73863 +23.50291
281.06418 +24.14250
119.51024 +56.35959
207.30804 +35.25743
267.62738 -1.80070
293.16406 +37.87427
333.28757 -64.84897
117.97809 +73.01569
190.09579 +3.11771
238.39699 -61.68288
30.96435 +25.92529
45.89666 -12.07631
1.83139 +32.60925
192.29820 +3.38871
2.17708 +37.44791
319.06042 -64.46468
28.16501 +36.17142
338.59894 +43.80894
2.94578 -5.58629
7.20913 +2.83886
42.06173 +4.57808
50.05449 -2.11413
351.98627 +8.77900
191.15744 -10.08312
194.84645 -27.42721
11.97512 +19.59684
120.47173 +50.73710
344.90683 +39.14587
124.77074 +70.72003
343.60632 +32.45170
46.47986 +4.85811
191.39453 +27.06076
95.61792 +66.57855
203.05820 +13.89234
208.50113 -7.93065
259.02197 +73.43590
304.18097 +7.39691
200.46172 -17.33648
258.76208 +43.66021
334.86545 +29.39581
355.97656 +26.07561
42.01818 +27.10310
72.09914 -59.80032
195.35211 +29.30844
139.64661 +52.51453
338.03357 -25.39779
350.09421 +27.31570
51.61489 +40.50790
74.32224 -75.42067
78.65040 -61.48150
300.75443 -55.94802
68.89095 +19.17171
317.09396 +17.82051
23.13885 +35.35857
47.16490 -3.38001
109.00822 +56.81801
244.31566 -11.73179
219.03859 +21.79350
156.61821 +20.22820
328.59610 +15.15683
311.89206 +0.41163
186.42838 +0.57264
39.42417 +1.97531
74.78917 +4.97514
136.91150 +66.57471
178.19347 +20.98932
248.32420 +35.34242
306.15176 +6.91118
2.49699 -57.02082
0.42471 +23.49588
3.62758 -7.16740
54.54153 +40.98308
116.72606 -38.30336
157.54439 -3.16363
201.12042 +14.09258
211.14308 -33.96075
235.18987 -62.21570
328.64014 +2.94303
44.28145 +17.51434
49.40204 -1.81876
41.73616 +48.19305
67.35031 +70.42446
30.93627 +16.03098
192.60051 -40.84406
177.77861 +55.07872
307.30258 -22.67170
39.52298 +41.78955
243.44157 -61.00819
259.10004 +6.55989
356.00848 +0.51672
42.34716 +17.66589
178.29007 -68.60887
21.16050 +33.47271
21.35279 +14.86465
45.97019 +9.61329
47.11653 +2.10857
54.81251 +14.46042
260.85492 +56.97454
181.19849 +10.59557
220.60191 -36.57241
288.77002 -50.65683
47.11024 +33.97210
54.79524 -22.38866
109.44357 +7.95353
342.75400 +31.37494
89.94888 +62.15801
192.64328 -9.46303
257.68155 +41.65107
311.95322 -9.99595
324.00015 -76.34574
52.50767 +41.83216
1.82000 +8.30163
140.45007 +40.15123
194.25221 -20.48093
258.31430 -25.04076
125.41808 +73.98836
180.69849 -53.83551
181.04813 +10.85440
194.05058 +27.74551
216.08644 +36.46140
49.26512 +41.63364
355.57214 +26.23175
34.46323 +32.39602
45.15324 +49.04397
234.94911 -34.91518
272.78040 +14.09309
31.15169 +47.93849
240.09988 +20.84914
296.14383 +52.86227
347.62418 +11.01228
252.82181 -25.90037
50.40194 +41.39280
62.43047 +37.00969
173.95497 +54.52357
298.18622 +48.68568
358.62387 +28.30892
65.94437 -51.59945
144.43390 +2.76093
271.95490 +17.60489
201.58214 +2.10076
210.73213 +9.42067
93.27197 +64.56132
125.20065 -8.91846
179.04353 +60.52499
120.54638 +56.94234
111.25694 +23.78322
238.98917 +5.93188
299.16565 +7.84440
300.70779 +49.31976
331.09341 +39.74374
95.14175 +27.97856
282.98395 +26.48823
151.50000 +58.81226
164.60498 +24.22638
261.86157 +58.51659
13.05061 +29.67696
41.93597 +9.35680
42.21583 +20.86261
244.15402 -61.04600
255.47153 -23.41138
281.51831 +32.27961
328.04861 +3.30120
30.03742 +12.65609
60.92862 +19.89495
152.53589 -38.13350
164.75748 -43.44046
33.90956 +35.52355
45.49931 +42.58493
47.72380 -2.55317
299.05533 -56.91088
300.58878 -20.22544
27.35725 +35.45290
55.43613 -18.26699
