134.77391 +53.77169
212.02847 -9.07176
27.37444 +12.50905
106.50124 +50.51030
266.02228 +25.35071
350.36115 +8.21764
66.08755 -47.52652
68.09096 +33.21898
244.82143 -61.02052
287.45255 +41.57612
335.11310 -15.77354
336.32959 +42.71726
331.02771 +41.81934
38.34477 +9.60170
117.69278 +54.36222
238.29442 -74.82527
92.65135 +71.38614
198.59880 -46.11149
337.21286 -60.88206
152.25507 -40.31744
284.10010 +52.37762
311.04068 -10.72351
325.66104 +43.51580
335.62280 +37.10823
348.76443 +18.97340
80.44065 +6.68887
184.95496 +6.01498
43.68620 +41.52855
50.21587 +38.25396
73.96306 -29.88345
119.75410 +59.11691
146.70882 +22.01398
65.41695 +36.73172
229.85304 +20.89629
269.35495 +50.72807
276.09729 -34.18184
38.09975 +35.49465
54.66902 +9.97000
28.92594 +46.80191
173.09001 +0.80404
275.46408 +6.35891
39.63350 +41.52925
353.06696 +44.96968
30.43423 +8.49994
46.59151 +36.01456
113.73972 +85.53719
118.54443 +55.49531
288.17612 -53.87374
127.29559 +63.33786
300.24341 -47.07024
170.61134 -7.65282
268.71594 +34.77618
333.12552 +45.32848
296.98883 +59.89256
320.07285 -1.68432
23.86768 +33.65673
247.28716 -66.50219
0.25176 +6.24206
18.51892 +33.70419
30.22883 +38.21072
43.51139 +2.96210
58.07055 +36.23688
262.35529 -62.48060
44.60244 +6.59188
80.07756 -25.32449
172.97797 -9.72520
101.26472 +40.41429
131.98975 +72.89574
292.45273 +35.68195
33.82028 +18.31798
192.86151 -26.80802
60.64109 +71.70590
4.59825 +30.06325
92.21664 -65.73058
151.81451 -39.94666
215.30463 +3.43579
180.62299 -0.21241
277.23904 +22.90301
107.34612 +48.63552
213.71799 +25.31762
264.43280 -63.72966
353.69531 +16.07578
21.38111 +32.13626
41.60547 +3.60718
191.79762 +19.46440
204.99036 +0.83093
343.81122 +36.67177
25.60724 +35.63832
26.08590 +17.47758
108.59033 +5.08144
80.16989 +8.80868
153.50841 -35.13560
285.36929 -66.11019
308.07840 -19.73299
150.77866 -26.15957
273.11212 +25.42720
348.64380 +28.32704
75.82171 -63.75101
85.18212 +49.69486
270.02298 +26.36652
331.42038 +16.78524
339.11676 +21.62180
49.02620 +40.80456
55.46191 +8.15982
60.66372 +21.56091
150.54556 +72.12528
20.48458 +33.52097
332.95248 +38.69917
49.10891 +41.53042
273.23083 +68.36332
355.33121 +4.01747
312.49576 +9.89909
1.58159 +20.20294
66.45174 -67.81483
181.77185 -27.69632
247.59180 -61.54122
48.76583 +37.86007
104.35289 -24.72694
187.73805 +11.48355
335.43854 +36.35000
14.71300 +12.97282
214.00850 -53.71657
16.23409 -27.42935
50.86396 +8.91238
100.37720 +32.83233
104.83883 -25.89977
152.46429 +30.32078
49.43969 -10.28909
63.06490 +34.91637
357.29974 +30.98315
10.85730 -50.18283
16.86346 +32.31982
29.24079 -5.40286
61.66497 +37.11575
333.51257 -26.93773
35.67043 +28.25698
139.60875 -39.28682
158.30620 -7.46458
189.20305 -42.14087
200.41072 -16.27904
239.13760 -61.51276
195.37782 -30.86829
273.49838 +13.27589
303.87054 -57.91270
31.04405 +47.97571
44.75497 +42.34595
88.11521 -11.34865
193.93375 -26.80941
221.47664 +68.92979
212.73898 +6.36485
328.72516 +74.48743
80.34120 +4.88781
103.86526 +33.28040
185.25960 +3.72196
241.12170 +69.66576
254.62616 -28.48571
324.96429 -22.47369
45.90275 +46.94380
251.64999 +62.82268
356.84579 -2.30067
65.23261 +2.63348
77.08209 +17.36324
90.69827 -63.76369
102.72318 +33.47876
110.87727 +2.61581
113.34881 +31.48355
45.15587 +35.16908
108.31015 +73.84314
69.04494 +59.32090
230.07591 +3.51836
280.20032 +23.68404
281.98740 +22.94254
45.48304 +51.14861
45.51598 +36.09843
162.45879 +32.98287
208.09598 +39.68725
30.40030 -68.43919
112.22575 +49.13702
134.28035 +84.80853
272.23334 +69.06789
91.58627 +83.83860
276.19281 +41.49268
84.76421 +15.57545
95.34866 -64.95666
331.12817 +41.41115
110.09021 -28.98646
136.13884 -38.48952
157.27596 -44.15966
175.12976 +60.29892
206.84247 +30.33357
243.14809 +29.48480
303.32489 +66.29054
322.15887 -70.83458
184.37556 +45.61928
187.16898 +9.25893
221.46556 -11.91416
69.72415 -64.20808
297.72507 +48.05964
348.08722 +31.12562
1.36524 +5.22233
