30.38701 +45.00357
66.16699 +7.21904
107.08894 +35.17004
196.25404 +35.17812
213.41124 +7.66037
114.26192 +13.60107
312.46469 +6.22013
4.57705 +30.07176
103.79783 +24.22922
14.23987 -52.92391
35.79752 +41.36801
39.73183 +34.62228
62.28685 +17.11169
223.97446 -52.01249
340.96674 +38.37687
73.29381 +34.38468
81.98914 +63.85948
125.14655 +68.60031
179.67761 +25.03672
224.10555 -37.60094
294.45236 +1.00387
331.78967 -49.99548
107.12315 -49.21406
47.49354 +19.20813
67.84380 +60.91673
85.48146 +18.49235
87.52164 +13.62656
213.09494 +50.34843
121.60050 +1.03606
198.71642 +17.22675
200.59129 -52.39644
268.62695 +18.37586
53.42447 -21.47865
281.71533 -63.31453
67.63786 +38.92991
80.08947 -61.29588
198.77644 -55.15630
352.19440 +3.51140
20.73316 +33.47141
92.28375 +42.08520
184.22067 -48.97385
308.34039 -2.03718
331.15054 +42.32728
353.65176 -4.53426
40.35761 +17.81222
90.93436 -69.58829
174.47412 +21.98111
16.85425 +32.29278
166.11382 +38.20885
49.24477 +31.56726
33.05607 +39.23551
36.38471 +50.81950
193.68761 -39.85228
342.34439 -37.47178
201.22044 -4.08199
10.29167 +16.46939
31.33198 -6.45088
43.18506 +46.93814
227.92096 +75.38483
278.54660 +32.06459
20.72629 +39.25724
121.02847 +53.54923
238.85831 +78.99678
356.86905 -28.10929
43.27908 +25.49040
108.76965 +50.53600
256.97604 -23.77150
265.72025 +66.47605
269.89282 +24.88696
317.17923 +12.48427
17.94276 -61.52763
51.20238 -3.01559
162.82506 +44.57180
338.31863 -27.24660
339.12366 -12.56702
342.88153 +23.08055
241.11102 -60.56514
46.78944 -9.59266
234.91267 +21.78276
49.67958 +42.30058
111.53600 +1.98371
348.79630 +25.28196
30.12224 -34.25564
271.45624 +18.53802
313.07166 -16.28564
16.77409 +32.79511
42.60055 +46.69817
286.26410 +55.71516
70.64728 +35.93340
279.83121 +38.93977
278.52008 +38.59845
27.67872 +33.08204
60.98169 +30.84005
69.32253 -62.58340
124.36206 -24.68109
181.14130 +64.43674
264.20340 +72.08896
214.95085 +56.72905
218.46782 +5.45833
187.91338 +3.93946
282.90729 +23.63475
354.27884 -20.46307
26.18731 -4.13535
25.49558 -31.00940
267.82492 +59.47086
39.24525 +25.44291
42.72375 -54.97591
202.40211 +58.41873
266.23596 +55.70470
210.42441 -11.60697
104.50677 +12.66718
188.96767 -5.27933
18.39232 -37.90163
113.38216 +30.56296
197.22714 +62.30634
187.63321 +12.49019
23.75978 +41.24814
60.65174 -9.32244
93.44966 +81.07437
126.58195 -13.30314
260.58487 +6.63829
46.61870 -9.73107
51.68956 +7.71457
106.24689 -49.08321
160.49911 -28.77670
146.93117 -32.83743
149.87158 -19.49227
77.69837 +18.01966
233.64651 +15.19837
45.88016 +27.68669
224.62656 -47.69895
9.27286 +25.69898
18.59287 +5.92690
151.73293 -45.04656
228.68924 -40.35455
299.61151 -55.58469
208.08784 -27.89433
42.93031 +42.82828
51.96362 +36.38972
187.91484 +16.85278
189.90382 -40.74002
205.27388 +67.67218
198.66702 -42.67623
108.15264 +12.54558
202.00055 -27.35427
278.83682 +52.72839
110.19823 -34.11834
237.77083 +67.15869
350.70999 +11.98882
12.76885 -7.06564
281.37186 -39.18145
43.77011 +42.26232
125.62172 -11.41778
217.86334 +3.00909
341.58087 +3.21004
33.51505 +27.87717
35.74366 +43.01194
68.29621 +5.35433
73.99567 -75.54118
219.12819 -52.67796
50.61893 -2.75713
87.82732 -38.32046
203.88286 +13.67621
301.90527 -21.12519
303.48444 -44.35117
102.73717 +33.43758
156.24716 +28.02389
40.30355 +8.71941
211.48602 -53.71959
22.44608 +45.59903
97.77479 +84.92554
98.15666 +71.56096
111.25654 -32.49903
338.63385 -12.93377
359.64200 +10.72826
91.00064 +51.09337
330.88733 +38.55662
40.79717 +40.42675
123.23788 +73.56326
136.44962 +25.43740
147.47810 +9.16366
192.93234 -38.82920
11.25803 +6.11336
93.06858 +64.26879
101.35793 +34.48619
102.94778 +48.49641
211.14214 -52.69729
254.45839 -76.99297
308.84909 -6.24463
41.75907 +8.65221
51.46809 +40.74878
63.48359 +29.15754
142.31834 -20.37929
197.19386 +62.27166
203.73293 +13.83250
68.06846 -49.67582
190.19475 -40.89305
72.92298 -3.80935
112.69337 +73.63020
124.90406 +4.65723
