234.87668 -38.53897
260.06528 +39.26046
36.26913 +22.21721
198.93562 -53.19681
302.62360 -54.78325
28.41192 +19.84050
48.26313 +42.45713
245.90071 -61.70795
247.40950 +8.45068
252.01630 +62.20045
345.45139 +15.58247
349.83572 +43.97374
24.80350 -75.01099
63.37514 -61.84554
91.37319 -19.03355
73.20501 +1.25914
102.59547 +53.45333
241.05591 +13.74400
55.18801 +17.74117
73.58027 +1.64036
119.91183 +24.98228
143.69809 +10.28373
195.58279 +75.40417
325.61099 +12.56925
9.85962 +6.73418
43.08267 +44.06554
147.26260 -2.82174
210.76727 +28.03339
264.69727 +18.87788
273.67331 +43.26863
288.19922 -46.01157
56.91235 +13.25593
286.12906 -53.98680
20.86622 +33.20428
154.59816 -13.10439
208.26414 +69.30814
65.33324 +36.76009
79.22945 +6.55266
103.74506 +80.96565
19.30526 -58.90995
176.23039 -51.90572
192.72237 -9.86230
241.67531 +16.31969
84.70455 +41.12883
235.72160 +14.23141
287.21851 +19.41149
153.88902 -45.13282
279.36255 +18.84599
10.89361 -8.18651
105.40315 +14.13524
117.96089 +2.81558
48.75591 +42.03574
153.52971 +38.65262
174.53775 -9.60713
350.62891 +11.89262
165.23930 +10.50558
237.47684 -21.04935
347.59323 +7.58064
14.45817 +31.48476
106.60231 +20.79761
145.31920 +35.88216
208.72209 +41.31352
242.79584 +61.26796
284.90192 +19.42741
67.16526 +70.34723
108.51608 +35.27928
204.57188 +48.27560
292.79303 +54.09241
186.49567 +3.42732
353.75436 +4.89775
10.72003 -23.54102
182.10983 +76.80403
205.97917 -19.75970
264.73138 +12.98429
316.85687 -25.42866
94.58634 -66.01752
266.34024 +87.64227
287.97778 -56.27613
95.06548 -57.57840
4.91526 -51.26662
23.38013 +35.66823
73.21907 +3.05718
103.21669 +74.48071
181.15755 +2.07260
244.75616 -63.26461
310.30780 -38.19342
351.48203 +14.20982
352.72690 +3.54653
13.36096 +29.27035
13.47531 -31.09552
198.04916 +44.03802
16.85438 -69.87917
24.32309 +5.87741
32.84936 +15.95489
244.51729 -60.69496
280.18234 +36.16375
335.22134 +33.29534
231.19179 +68.73063
264.02509 -61.89847
332.40616 +39.28278
19.72020 -16.80343
54.07562 +45.63749
233.59235 -8.90575
277.89557 +33.93735
333.69312 +42.18118
68.62046 +73.20483
83.49693 -71.75693
84.66717 +15.14702
57.28226 -48.85820
110.85641 +2.91079
184.10954 +47.02536
190.62982 +3.96032
7.74682 +5.15976
125.82955 -26.19706
345.42877 +2.26361
98.54141 +52.12766
39.41651 +34.43159
73.12501 +74.49601
148.27126 +19.43222
318.17542 +13.98133
44.17945 +7.33369
130.69978 +72.97648
310.42545 +55.69814
348.30304 +6.32166
32.95997 +70.44399
112.69410 +9.64689
135.95761 +85.50169
332.76828 +41.28261
46.63635 +41.48537
73.12924 -62.98576
146.57172 +5.70884
223.04326 -10.74039
71.52469 -44.73336
102.49865 +25.63438
54.55871 +10.08436
139.75931 +26.27000
51.49659 +40.78902
107.64231 +50.11891
317.81912 +37.88479
54.27468 -5.04274
116.72105 +39.03195
245.29640 -60.98516
318.55246 +2.17799
1.31967 -16.47691
38.82733 +40.92650
46.75243 +36.16766
52.29912 +41.38800
273.51468 +22.28379
67.33350 +69.53117
4.89635 +47.24103
100.87820 -72.59460
334.15610 +86.92971
35.38501 +32.54451
55.59560 -35.15353
262.08093 +14.16892
311.78680 -38.08854
3.23482 +22.10027
10.26522 +31.73270
15.71819 -4.76188
356.65768 +3.79981
243.50400 -60.99099
87.92632 -69.93013
205.09062 -71.12916
36.31777 +42.08988
76.17443 +23.47679
193.79025 -8.85856
194.25902 -20.50484
21.12375 +56.18221
14.66497 +50.04510
30.98582 -23.31162
107.89024 +50.24835
320.62216 +15.28205
29.72835 +36.67496
114.39680 +35.60575
241.55843 -61.19137
92.12663 +64.72369
228.02133 +67.36267
301.32324 -56.25618
67.74200 +5.54238
127.12051 +85.60811
159.22495 -27.91704
172.20990 +20.79510
55.89199 +41.07353
258.15240 +38.02039
274.16940 +22.11281
312.11511 +7.73997
356.38437 +27.36093
285.95477 +33.84470
320.06525 -4.87651
54.28732 -35.19503
104.59617 +35.84059
358.48642 +28.49267
61.83284 -62.89931
70.90382 -44.97523
143.43073 -11.32200
204.96796 +0.83959
257.77438 +5.85224
39.01847 +42.42095
301.06100 -38.16712
340.30106 +34.24903
