184.53862 -56.74083
191.98135 -1.65603
266.69714 +59.24569
349.56406 +29.23061
36.09478 -58.39665
73.84888 -20.57109
202.36234 +16.82585
115.12342 +13.87174
21.35854 -1.55063
45.63714 -57.86042
86.06003 +75.62059
210.10683 -23.30479
243.38390 -61.00627
10.96155 +32.85339
14.41282 +43.80076
82.09649 +76.66374
257.93771 -25.74736
4.06159 +10.33234
192.94150 +25.77730
357.57971 +10.75740
27.80983 +22.58224
131.84473 +49.55869
188.88519 +73.67487
227.45494 +0.52974
13.17560 +30.63907
48.98001 +37.15403
80.17548 +72.53576
287.56070 -50.05473
295.99603 -28.48682
295.91440 +50.54228
30.14679 +28.22527
56.51394 +12.70312
286.40448 +63.93404
13.70263 +28.86678
26.31782 +10.64943
29.15841 +34.17684
243.48952 -60.94006
77.45905 +7.48344
206.93738 +38.30455
15.11719 +47.99520
37.78865 -57.91835
37.13802 -19.04211
68.67304 +40.23938
102.79709 +33.52711
260.77246 +12.69544
255.87744 +36.41866
268.62253 +32.88727
107.90820 +29.17088
64.30908 +4.78164
145.17340 +11.88842
192.42284 -11.09303
243.38725 -60.82323
280.40341 -63.00016
282.01831 +19.03246
289.55981 +36.39497
303.07675 +1.95758
345.05963 +39.23607
10.51933 +36.80504
332.88052 +38.72136
44.84504 +47.07851
158.98553 +72.61632
277.34357 +39.71335
64.02032 +8.18013
339.11652 -24.34176
162.54028 -17.24243
224.25284 +24.61742
290.11893 +30.82551
295.85394 +41.94114
329.27487 -69.68994
343.35303 +37.17527
350.98929 +16.77722
12.92657 +7.71860
34.29470 +14.54782
34.06295 +28.59972
70.12466 +66.63518
30.24910 +15.18913
162.05811 -53.30164
279.80106 +55.64180
288.59174 -54.56561
267.62045 +14.39446
28.34568 +36.95514
48.49276 -21.98637
191.29933 +23.03609
125.78303 -5.00239
150.65341 +89.03102
160.57869 -17.64855
160.96135 +69.74744
65.18106 +2.32596
177.34802 -1.08389
207.24776 -7.19494
19.99838 +14.78625
64.25096 +0.83520
188.43741 +52.25476
357.41626 +29.93207
342.26672 +40.00117
21.91940 +37.18293
159.23793 -7.02388
245.24234 +65.39055
26.02964 -61.12342
26.59444 +36.46031
49.38382 -54.35797
125.00723 +62.83059
188.11046 -68.33659
309.48267 -61.91065
356.55075 +33.37036
31.55184 +29.96636
96.23753 +82.31851
266.30945 +18.13893
339.55478 +35.49886
41.40126 +42.15757
152.97215 +16.44019
233.33629 -8.70052
285.15045 +59.16676
332.04401 +41.17735
12.19641 +31.95696
107.77935 +25.91550
251.31850 +67.93781
2.00678 +33.07071
62.12212 +69.67254
103.87858 +69.56305
12.41195 +22.93234
44.55804 +11.13330
115.94825 +52.35742
280.88593 -62.10796
134.72670 +66.46832
144.72337 -4.86016
184.09384 +13.30704
207.77248 +25.09369
93.49000 +80.47633
325.88965 +43.55021
39.40599 +42.63589
309.69095 -52.14325
110.93111 +33.44203
173.57022 -9.57601
305.81497 +0.66472
73.36158 +7.13762
78.62335 -62.17067
130.86531 -56.20794
300.27103 +51.01882
165.80396 +11.07676
218.29002 -15.40520
245.36639 +36.37656
317.16302 -43.48613
56.97086 -8.48916
104.39352 +46.40299
224.09703 -5.88623
273.57703 +15.50456
331.78387 +44.29861
44.25575 -15.04831
66.13126 +10.88877
344.63281 +10.73180
312.06168 -19.84920
142.25677 -37.84211
20.11953 +32.70903
39.19190 +2.05042
48.59940 +2.67791
113.41747 +31.33441
256.21481 +4.47460
291.18002 +0.41918
28.11580 +17.51259
30.08100 +31.31302
200.44284 -56.82305
253.72353 -16.95197
9.30194 +1.94224
36.34499 +42.03550
40.66679 +39.53431
46.71661 +42.52307
234.16295 -62.69608
343.64548 +20.23623
27.13785 +12.61383
56.38714 +44.85484
263.63727 +49.98796
352.26627 +3.53334
8.60253 +12.26847
65.05784 -63.96516
191.83263 -9.49789
200.57478 -16.90664
276.54144 +23.31614
278.70938 +70.52393
70.01973 +74.18562
107.67541 +34.42113
155.04688 -64.01685
253.20181 -58.94614
257.36795 -22.44737
349.18546 +8.90562
30.24208 +46.14169
120.76024 -18.70207
170.98155 +52.92097
295.86102 +41.65936
341.63354 +21.08370
29.75313 +86.67366
36.65547 +12.15534
330.12766 -24.63262
59.55823 -52.32816
276.08212 +71.60191
33.51784 +16.45590
69.90367 -53.01263
105.96326 +22.36953
202.16312 +11.38701
214.69939 +24.94041
