245.20607 -60.40487
294.29089 +9.58531
335.28772 +36.59089
28.83842 +46.55765
50.97349 +38.67706
337.46860 +36.71929
346.41824 +27.66548
355.86972 +13.20965
27.67327 -3.93829
61.72088 +22.86333
87.46994 -43.39909
94.73586 +33.69890
282.25366 +47.65810
287.72464 +73.41016
329.10812 +30.78762
29.80682 +18.95468
48.57362 +46.03117
55.36785 +15.25904
281.00119 -61.99017
331.75827 +10.23355
13.76317 -19.00596
198.93797 -16.32673
247.68594 +81.54402
257.18527 +3.89408
286.73788 +50.34788
112.03367 +52.47157
345.46658 +15.98185
20.15918 +29.69883
41.57289 +13.09568
191.42101 -10.71706
262.67493 +6.28227
276.36649 +68.00581
279.96390 +32.80632
104.18108 +48.90152
218.18123 +9.89045
355.73599 +27.47074
2.06114 +7.78024
27.68407 +35.28453
30.63692 -79.67039
214.82339 +35.13795
221.33188 +38.73126
319.64746 +19.71866
327.99335 +3.07175
351.08368 +14.64707
112.98614 +18.33308
81.31981 +0.42043
255.33920 -28.56734
258.54059 -23.53158
74.99084 -26.02221
170.28670 +3.19456
187.94673 +64.23383
69.93774 +3.03296
96.25323 +64.56527
106.11981 +18.58949
157.10446 -50.69200
200.71114 -17.03253
259.02127 +6.84050
299.95087 +49.97645
342.38699 +33.36045
199.05138 +30.95029
288.55969 -46.25634
311.37344 -38.17527
68.05506 +61.79655
140.19131 +22.07620
39.01065 +42.61410
79.29089 +6.92741
82.93496 +67.61246
157.75581 -49.04697
168.03363 +35.45207
190.76521 -42.91346
205.41504 +55.67072
27.69959 +35.93275
48.75569 +37.88184
172.47639 -55.46950
252.08994 +6.22278
337.63818 +37.89093
84.07086 +7.32628
192.82788 -30.31747
308.06677 -2.24917
181.48383 +77.50507
194.16884 -46.92612
45.47432 +35.73317
164.32344 -50.25756
193.75522 -40.97074
255.48686 -23.29816
322.74008 +13.98609
330.84537 -28.76962
177.64061 -2.90901
352.02597 +23.53144
176.45602 +19.76741
269.26959 +12.23982
333.09552 +39.27955
112.57664 +79.87253
77.69640 +18.03027
79.92385 +84.05257
107.75520 +48.51281
113.09248 -77.91922
145.38417 +11.41329
255.23514 +58.97050
258.60339 -23.22983
259.12747 +6.43201
9.39308 -22.54924
86.23599 +69.15929
40.76204 +32.49123
281.93353 -63.15700
352.27936 +29.77508
74.78501 -58.65490
136.81770 +37.21541
274.66318 +50.27765
289.59021 +34.83705
42.71056 +22.77198
272.81409 +36.00777
339.60468 +35.36580
18.26067 +38.76836
38.91413 +6.27253
72.02534 +27.05987
93.30432 +39.04824
158.59644 +73.76497
318.06622 +13.01652
256.27328 +43.04319
345.28448 +5.65436
353.50647 +24.94459
77.19153 +62.44299
183.46777 -47.27374
197.47658 -43.10572
348.82199 +19.04166
49.46814 +43.30413
267.05115 +17.62530
325.05435 +14.63297
356.47946 +12.06175
11.63331 +36.32561
15.81829 +22.34265
32.81039 +14.12068
174.31476 +16.87720
250.84680 +61.98395
256.08887 -27.19118
257.58667 +48.33176
344.55655 -69.05211
42.18833 -32.34700
117.70798 +74.35768
230.77209 +8.60920
29.18282 +36.38453
52.66996 -50.30962
142.57062 +29.53998
242.48734 -60.32375
274.01108 +6.74680
319.90958 +21.97199
109.43841 +24.51391
357.78183 +8.72848
254.75603 +47.23717
343.33701 +32.13066
5.26187 +22.56648
28.58252 +36.62981
43.83408 +8.82817
282.33301 -43.99728
38.06495 +43.45501
285.21045 +28.77123
8.59221 +10.20501
33.82504 +18.00632
58.40350 +19.10483
105.52892 -28.45739
118.19139 +6.49667
146.51523 +1.66834
19.02057 -61.62217
28.69564 +20.69821
41.93158 +13.25533
271.25394 +56.26302
273.41040 +21.09009
328.16318 -68.75990
39.94360 +1.55828
78.33166 +9.75492
289.38351 -1.76225
36.22189 +43.32510
37.84079 +43.46570
96.22956 +49.50890
183.09715 -52.46143
189.48183 +34.02208
81.94646 +19.94976
149.02397 +75.01434
211.33578 -84.27271
273.09079 +39.63301
350.02368 +24.22114
203.69673 -45.54744
260.77945 -18.82854
4.72150 +10.59470
123.60551 +4.34244
134.68979 +39.51002
180.80508 +1.95086
31.30830 +9.92526
31.36099 +31.17533
36.52156 +42.14408
69.10612 +14.33490
183.66048 +5.80572
39.06730 +25.42382
352.91275 +25.94533
358.50485 +47.48952
30.55990 +9.98087
35.62971 +43.06523
56.40265 -9.23485
56.74282 +38.63434
