112.36640 +20.05489
261.88269 +26.47512
264.12503 +68.05863
292.87524 +35.87661
350.05331 +7.93209
9.76493 -18.60829
13.74890 +1.38077
143.65239 +81.14528
342.60983 +82.87696
47.73396 +41.13709
108.72553 +6.59554
316.59738 -43.50778
323.39420 +42.72411
336.95126 +38.58660
27.31537 +35.07303
79.10197 +15.63179
112.11697 +33.83781
31.62642 +29.99312
139.37352 +25.96636
159.29257 +12.65246
236.19232 -15.46513
102.74419 +33.52516
159.06909 +26.96240
175.85228 +19.74985
246.48428 -62.96477
250.83435 +70.63253
0.79005 +21.96022
122.46893 +57.91278
130.38289 +4.98022
166.09814 +4.82860
166.63570 -48.04244
247.07944 +80.35463
29.89960 +30.90990
116.87109 +60.93357
129.54559 +24.89524
146.96010 +72.96439
237.17169 +21.86939
266.20612 +55.34966
286.71088 -61.70137
356.06464 -80.17701
4.59986 +48.73178
34.55934 -12.23182
47.01350 -4.39983
109.10975 -29.62079
21.79210 -18.65330
113.70581 +55.96197
175.53786 -18.16901
238.12460 -60.63559
278.94791 +22.47058
24.22394 -13.99951
60.63411 -62.31559
89.65018 +40.51994
247.73557 +4.08289
261.10062 +44.94043
272.04950 +11.71222
288.16116 +22.48251
69.95020 -76.83680
116.29565 +7.93329
336.47443 +40.31486
346.80243 +8.75189
211.55157 -33.07428
241.60605 +15.68583
32.56763 +7.84538
52.84874 +39.74154
268.22705 +23.21107
285.50592 -63.04763
303.84952 -70.53774
28.15707 +36.12680
110.67988 +21.51307
258.86890 +30.89572
287.13971 +53.35648
32.56161 +41.52179
36.60864 +27.65422
37.07335 +26.31242
42.16993 -31.53622
49.33266 +36.21015
50.02886 -1.88169
60.03256 -61.28323
133.32887 +68.47191
199.31761 +6.03748
87.49391 +51.09305
199.62154 -32.22931
240.04558 -61.11520
243.97057 -60.84918
8.07011 -5.10960
28.47961 +36.22941
38.09840 -58.02098
200.24832 +8.97837
249.50203 +55.42695
281.89890 -63.29227
307.95746 +1.54490
328.34772 +15.52862
28.74926 -26.01941
55.39874 +16.02043
105.42667 +47.55159
113.52982 +23.09451
299.25342 +47.27920
3.50914 +48.23487
95.30271 +27.85626
120.03564 +56.36561
254.18703 -62.40311
257.83838 -23.31380
54.67196 +38.02247
126.82005 +22.87769
346.32843 +0.18946
117.07913 +34.33219
194.41864 -53.39229
278.61172 -58.53387
18.78565 +50.35653
113.73223 +31.27624
258.15134 -25.11179
26.47875 +9.82294
255.21785 +2.10186
106.86714 +44.78993
187.44997 -54.36348
265.96988 +4.55191
52.34933 +13.75908
355.95682 +28.33924
24.77637 -29.91489
158.69885 -27.21451
176.20494 +19.79501
264.53091 +22.70357
270.68134 -68.51176
52.13136 +36.77633
110.22452 +23.31728
250.73454 +19.25438
338.05804 +11.71231
345.98788 +30.16015
357.64145 +28.99827
21.88554 +19.17882
30.77176 +2.61424
41.97516 -26.04431
126.14110 +74.01229
343.48431 -6.57925
355.88452 +27.31186
197.38837 +53.49419
273.54019 +30.67414
2.63654 +28.99624
38.87255 +37.51892
307.75674 -1.93545
315.21365 +16.30454
1.11115 +47.49031
33.96310 +35.91358
71.86423 +23.98368
196.83586 -56.11642
203.23666 +16.63751
41.40524 -27.96106
110.36096 +23.18791
349.62589 +18.68909
11.82737 +27.82768
45.76601 +4.39290
251.03870 +7.44523
260.64288 +0.95796
339.04648 -81.06493
49.98832 +3.59017
95.41693 -65.03335
193.91144 -39.54058
257.98090 -23.16181
0.33238 +34.52571
70.11051 -44.63307
71.96587 -15.52511
99.33854 +67.85986
205.40285 -29.91308
208.03568 -10.62026
275.72311 -56.48558
353.79355 +4.96420
10.59193 +29.64165
29.48066 -32.98706
49.06596 +41.18074
193.41690 -26.65410
312.85794 +18.96782
324.75970 -22.79247
30.49975 +21.09657
209.30641 +73.61669
235.89139 +4.87199
243.60591 -61.06108
305.58963 +6.42986
6.73563 +50.03075
36.44852 +27.24259
102.94971 +27.48152
152.05138 +9.97701
244.95041 +37.77448
268.70975 +62.64505
278.02533 +31.04285
299.89630 +50.47233
355.31702 +25.55127
144.70137 +48.57274
238.11925 +70.37515
243.68848 -61.03071
335.76331 +36.05453
94.17524 +66.50671
258.32297 -23.57473
356.14801 +11.68728
7.06223 +30.80326
74.49049 +0.79729
133.73492 -63.82106
189.64766 +2.65741
15.85983 +32.23735
157.16908 +79.81310
260.00009 -19.10727
