266.14102 +48.11404
347.93423 -68.09406
18.73442 +31.94849
144.37419 +23.16167
40.95539 -59.91342
58.62646 +10.70699
90.79588 +49.93950
250.03290 +58.61737
25.11653 +34.62530
259.38916 +7.66186
28.40117 +43.96550
46.95542 +3.14790
60.08987 -52.57373
117.56800 +55.40839
240.88712 +16.32297
298.90811 +2.18189
13.69481 +28.71677
98.54028 +38.23790
156.83208 -49.11639
185.62224 -22.34509
289.98145 +44.89844
329.25571 -36.99068
104.29886 +20.43735
106.50901 +75.44391
136.00331 -72.05563
244.04877 +65.96879
294.78708 +8.81034
316.64038 -49.21932
317.94818 -46.03936
6.26395 +31.34479
36.58629 +30.44566
52.54156 +38.45268
346.17270 -34.05780
77.67919 +0.40830
228.30794 +4.28753
356.86810 -28.13599
9.87467 +36.34684
24.24728 -62.53937
41.50248 +40.09021
69.78204 +11.53053
231.58400 -41.55249
250.01353 +15.88351
255.26123 -26.11668
116.61896 +58.96255
200.41563 -77.53270
255.28262 -28.06792
2.18645 +4.61253
128.42233 +74.40398
253.19044 -58.67033
343.85587 -70.63219
19.24646 +13.02492
198.07080 +44.83921
18.78174 +33.37731
29.24466 +6.03680
260.85873 +23.64428
9.11417 -27.78535
60.62721 +21.89063
66.91869 -42.77740
158.88885 +72.67828
212.65436 -52.10164
291.89920 +54.37290
107.09851 +51.23469
123.68135 +57.95754
26.69145 +18.57450
90.79729 +7.82705
320.12521 +37.58338
91.05446 +50.95343
161.67825 -16.13317
191.90527 -53.55005
193.05647 -9.49786
58.69973 +6.26291
93.92702 +49.77912
213.03244 -10.07849
349.00290 +25.55669
16.02933 -51.13306
36.56944 +27.21210
38.21709 +5.70102
55.38473 +37.22580
67.85100 -54.41685
260.99197 +12.59179
6.36973 +20.23774
41.50244 -32.15432
70.93314 -5.31944
121.27863 +66.78291
190.82408 -0.64425
244.33226 +61.93912
122.31165 +0.28259
141.27956 -37.16795
165.54675 +45.88907
194.20125 +48.29688
202.37051 -3.68043
227.86798 +75.38387
257.10251 -25.71031
31.68319 -56.93580
55.97710 +40.01567
223.29884 -52.91118
337.64175 +39.61872
31.96497 +44.84401
130.21228 -32.04646
186.86401 +12.29033
345.63089 +38.71453
347.90744 +18.77243
355.07919 +27.56152
94.03786 +54.53536
211.36409 -32.83096
228.39236 +41.95881
339.41843 +34.84647
5.10153 +21.87694
58.56662 +15.92862
103.94066 +47.92966
166.85181 -70.42720
183.73143 +63.78276
232.50270 +23.63823
320.37186 +21.24197
352.02475 +8.76863
21.40487 -30.36548
68.69443 +8.16783
205.35110 +55.64308
209.59306 +6.33919
329.79010 -46.71171
345.82498 +8.89360
101.05093 +66.10089
260.03714 -60.15863
271.53558 +23.46554
346.11755 +27.35735
350.89319 +29.18240
51.18183 +41.96880
73.35728 +4.06159
75.99087 +51.22646
249.40703 +72.37466
291.78113 +43.87828
300.66553 +1.86736
32.91055 +34.04428
55.13583 +15.05874
97.89761 +74.43353
240.96739 +39.98447
25.93771 +12.16366
70.04075 +7.33878
205.95818 -19.84113
248.81859 -61.39348
305.26758 -15.16581
68.20135 +10.39168
82.57976 +5.16534
107.76979 +50.13689
160.49231 -36.93546
245.43840 -61.18005
245.64525 -61.03720
28.84175 +6.61175
34.60996 +5.65388
40.52618 -15.09145
42.80463 +13.18532
94.83680 +28.72444
111.15186 -85.49708
215.96092 +6.57608
309.86002 +2.01871
9.88821 +3.13854
20.24922 +34.24869
29.64958 -1.45715
344.58157 +26.06195
350.86951 +21.16353
4.61819 +30.04069
160.65907 +77.49487
216.64806 -52.73412
274.14096 +22.11074
331.08551 -50.04774
352.92932 -37.83871
29.28377 +4.56472
29.82131 -50.72033
36.56322 +26.10640
103.63673 +45.70428
349.71411 +42.06531
350.69110 +29.13785
34.91627 +15.81430
41.96560 +23.40398
68.02562 +0.56744
151.20882 -6.72491
240.23378 -35.69864
21.37980 -1.40813
119.22215 +66.61092
157.18301 -50.97087
242.87669 +58.78571
358.62463 +28.87149
200.00369 +31.98124
231.13608 +83.07696
248.35495 -61.75402
28.23941 +36.51289
187.62970 +41.70116
342.39859 +11.55636
12.66986 +10.60021
36.89432 +41.97762
63.11049 +34.47198
195.89774 -53.09109
309.59937 -4.11753
342.73370 +34.85690
359.56924 +29.35727
13.83096 +31.74921
17.82710 +31.88867
80.31794 +76.35572
178.05232 +16.85145
13.36788 +32.48231
