86.04134 +51.20036
272.33563 +18.29753
1.70615 +8.62849
11.82593 -80.80048
199.07126 +25.40656
200.46657 +22.42917
348.38718 -81.62505
352.05362 +27.68944
17.96223 -55.85735
42.64870 +13.33506
46.39527 +6.13339
110.68047 +21.48337
215.41873 +13.23233
357.00284 +27.37539
68.82902 +17.19565
119.85599 +55.29586
218.31842 +41.65036
31.39049 +34.88094
184.45792 +47.40918
64.30170 -17.85747
69.70918 +2.84465
86.40768 +64.03026
285.90186 +27.60663
355.69397 +27.29728
16.22691 -46.99959
79.70725 +25.02984
154.85437 -5.65615
40.52393 -15.04688
49.34345 +36.56857
260.17044 -1.19920
13.12609 +24.35057
37.91813 +22.91721
44.16027 +41.33331
70.11010 -63.10722
86.35268 +72.35621
173.62288 -50.20801
188.43750 +10.99571
196.09430 -28.70058
216.92500 +69.69415
275.55746 +27.59336
355.19513 +26.83534
28.45890 +36.35028
149.06189 +59.30710
237.52072 -23.63887
197.63835 -46.99601
207.06134 -30.55099
94.65222 +27.78819
105.42458 +29.88297
174.62271 +20.52767
359.01627 -0.98844
22.21272 +18.98707
102.83368 +49.88580
194.05167 -29.50294
212.36417 -17.86505
240.07896 -61.31682
350.62766 +45.60927
351.37943 -74.68395
31.12327 +28.81233
196.54556 -29.72707
50.65128 +9.47356
62.29290 +21.44019
107.27338 +75.35303
13.67409 +5.77387
40.15984 +8.84857
44.38895 +41.51646
207.24962 +72.65387
250.79930 -30.92574
264.35489 +12.99359
297.22592 +3.48634
74.31343 +72.40351
205.17610 -7.75099
238.08221 -62.81019
276.43433 +32.17878
25.90654 -33.70542
37.29316 +48.43217
105.76189 +49.42438
285.20068 +50.88116
64.85520 -50.89839
106.88261 +32.46985
312.22980 +70.23191
339.74454 +35.43863
32.56665 +45.58915
194.23463 -20.47181
298.71475 -55.10967
317.91342 -23.17162
345.03833 +24.35073
17.21605 -45.83265
27.84814 +33.03118
70.86540 +13.84763
79.08723 -13.47120
340.28162 +32.16976
53.07952 +0.28250
193.87514 +70.82933
7.82265 +5.17975
96.16577 -37.33565
195.09874 -31.43848
268.88074 +28.82775
10.19234 -79.24008
96.82497 +49.61365
134.17807 +52.10540
167.07309 -5.13225
257.10733 +40.78923
338.13910 +39.21555
257.98849 -23.03650
328.60883 +41.73449
331.58582 +2.34845
353.96518 +23.61876
21.03362 +9.55171
224.02901 +83.52287
268.23920 +27.67291
287.38336 -55.01731
302.95566 +5.76377
305.12299 -0.67306
337.55640 +42.79067
9.87329 +25.64338
16.07001 -51.03281
194.36989 -28.20498
206.37689 -71.31165
277.17493 +48.24319
325.55063 -34.16222
48.27784 +28.63489
75.44460 -18.15707
111.25626 +27.32427
196.11600 +55.60496
243.47372 -60.86718
265.71130 +16.21402
327.60110 -73.99742
4.72158 +48.01672
43.64159 +41.55903
63.96758 +13.09805
259.04883 -19.81699
49.32203 +41.38538
86.79659 +17.56297
109.44622 +85.71326
162.67406 -65.17803
207.87794 -52.92328
0.03814 +32.73844
32.74376 +31.29494
40.81567 +32.46673
87.38254 -19.55031
103.25513 +34.92342
165.77634 +75.11575
186.43950 +51.66837
239.21318 -38.76875
266.59122 +26.54375
328.16891 +36.46073
76.47328 +21.66064
168.51028 +20.38729
173.61949 -9.66018
257.23859 -23.77398
345.16183 +30.74181
356.27881 +28.20555
176.19603 +20.12506
71.33705 +73.39108
202.00310 -27.10270
247.19208 -61.81214
344.50183 +6.06978
21.18763 +32.16568
25.30550 +45.00183
55.47779 -50.95782
103.19576 +31.28909
326.68057 +38.49926
29.02196 +36.12907
70.50777 +20.50476
125.29314 +39.26305
247.09323 +32.84940
261.77069 +37.85171
357.05789 +21.21534
359.83139 +4.76062
212.63997 -52.31725
243.81184 -60.59195
259.50769 +50.24711
211.64536 -5.45310
292.84143 -5.04316
346.23553 +19.55223
65.58698 +7.22060
227.13939 -48.66314
251.50636 +6.46253
342.56699 +11.56623
3.96365 +16.08977
5.95626 +26.92234
17.10854 +33.14798
41.50220 +51.25399
122.60564 +67.24293
135.53500 +8.30172
168.85870 -3.81784
273.32834 +33.83009
300.45688 +57.02730
315.43503 -13.31322
320.87415 -37.51022
1.14057 +28.30169
21.57845 +34.75415
144.25325 -60.93323
166.46138 -9.92530
256.70749 +42.42341
191.56462 +8.34842
258.39536 +16.04979
43.68324 +41.65528
53.88822 +5.06701
183.58511 -55.47282
