193.02269 -15.45853
299.55957 -55.44555
345.20453 +26.74088
76.58630 +50.84199
139.29387 -4.75211
249.52284 -61.11291
355.04276 +47.97287
23.14738 +41.98686
43.50734 +14.97657
55.02976 -18.44347
57.05867 -21.47448
139.64899 +34.55207
304.75330 -22.15598
67.14029 -47.78255
69.96446 +7.05521
104.65457 +12.66692
314.47510 +25.09638
52.65261 -14.42552
60.69923 +19.00539
72.60106 +8.71306
115.50111 +18.73357
161.80540 +72.32305
317.23724 -43.68608
359.02859 -60.67123
118.27202 +55.24005
261.21210 +23.73593
298.96991 +5.99699
301.74142 -34.54852
327.31659 -60.71315
334.31589 +33.50388
341.05353 +9.41686
142.53598 -42.19851
259.88092 +86.73837
302.08539 +50.67875
337.06982 +50.78974
107.21974 +48.45006
114.23766 +58.77040
176.59268 +33.16177
193.14462 -9.77669
242.64313 +10.04040
315.10638 -14.49565
29.77064 +36.25861
114.37540 +59.68421
116.30659 +70.03244
120.50964 +56.64416
344.62216 +40.42955
345.51440 +27.05259
38.92430 +4.05179
57.72368 +39.78899
109.88977 -1.06680
113.28941 +19.19943
222.35457 -40.18059
29.06701 +3.76186
59.13850 -66.04066
107.29609 +43.69736
162.85634 +8.56710
244.34218 -60.63427
20.08207 -44.12866
353.45535 +30.06038
51.23278 +39.12901
159.75323 -50.42178
177.43063 -68.81273
240.27156 -61.11403
292.38824 +41.30498
344.57303 +25.77112
29.21712 +5.77477
52.72007 -47.97926
150.13795 -19.66198
202.52203 -20.93299
217.75452 +5.97843
259.97778 +16.66069
275.80734 +86.89047
22.94378 +33.61557
202.21715 +38.57769
241.45351 -60.14577
242.62708 -59.91859
263.25842 +43.75962
347.27789 +17.25921
39.73180 +9.09737
56.60706 +45.25729
57.69946 +42.28120
69.66547 +11.24099
71.90098 -1.16186
83.16160 +67.71045
113.48299 +73.64386
210.62317 -54.70974
255.37599 +30.16758
294.87161 +6.34846
8.98292 +8.71794
9.82606 -27.34924
78.52711 +2.51734
107.55659 +44.45731
258.32523 +43.78235
27.91756 +8.30046
43.47764 -72.75762
87.17975 -25.47734
203.67920 +9.33679
199.36981 -51.71650
324.37857 +14.58625
34.47204 +14.52171
36.51163 +30.17320
39.69773 +41.67042
49.25035 +43.52484
159.11523 -27.31922
267.33731 +62.22287
330.85211 +2.59482
5.35151 -48.66531
82.16834 +22.11360
112.94901 +18.28791
125.66655 +56.32933
156.39177 +70.07564
158.59836 +73.01393
161.05096 +6.75878
165.18422 -14.18772
169.21283 +17.79828
177.86766 +22.02598
202.89302 +71.48024
214.85448 -4.48913
261.15375 -73.94012
269.22931 +32.63661
272.59375 +54.22520
6.56101 +21.80737
38.32576 +22.39382
44.02999 +41.63117
79.32460 +6.13705
108.47553 +50.39877
219.59689 +23.33351
75.79797 -22.81398
108.47457 +23.08014
313.71964 +65.15907
358.19742 +46.80392
3.06553 +22.32180
49.48015 +70.03557
74.83786 +5.61829
107.70724 +7.87740
177.33270 +74.30219
307.16791 +4.34538
346.88629 +22.99800
25.38910 -83.21222
37.43252 +23.95586
181.12355 +20.31623
198.32253 -43.58318
203.91077 +75.03940
338.98474 +20.32226
49.81078 +41.14144
64.34824 +0.30652
173.43094 +32.63607
305.72818 -49.50679
335.23932 -46.03585
339.65775 +34.07143
105.98229 +53.75884
9.90698 +8.96541
25.16267 -31.82084
120.05357 +56.35337
208.05891 +72.73203
357.65234 +24.55625
251.46909 +59.62202
62.78939 -53.68663
173.13420 +74.62753
319.42609 -22.77084
9.04692 -32.57457
226.58675 +62.98097
300.78506 +7.10653
2.02831 +9.71773
37.34855 +10.17711
163.04312 -2.40974
236.05550 -17.18603
239.79640 +20.75459
43.41715 +41.72578
55.60015 +39.24453
295.29904 +43.41300
17.03617 -58.45466
42.66254 +20.68278
62.01129 +23.29287
107.75236 +48.68664
188.95497 -43.05764
195.12915 -44.24489
219.63869 +50.81532
247.31917 +3.11552
38.49355 +44.34446
156.39758 -2.21521
166.68404 -48.48379
210.63995 +14.55083
241.81090 -60.74733
342.28851 +34.99028
106.24109 +46.14060
219.65703 +46.66312
345.15503 +12.78231
20.33488 +40.48820
22.12191 +48.38708
32.17036 +71.03582
35.40287 -64.61016
81.26746 +72.57401
106.06790 +54.22272
128.19525 +0.22808
243.27838 -59.92399
348.21362 +5.80637
358.38403 +8.11813
23.55626 -38.61668
99.21552 +37.57049
