107.86652 +48.24012
167.82785 +5.83630
4.58283 -73.15251
42.89425 +40.73140
57.59762 +6.97305
2.67031 +32.98308
30.33282 +33.32978
230.73454 -7.33155
259.43594 +7.61430
27.18235 +10.50798
39.30418 +21.56755
241.87375 +81.30180
3.48718 +30.88296
138.65547 +8.11718
226.88626 +76.14633
35.94571 +28.86372
45.68425 +41.62537
98.07806 +51.99500
218.55310 +25.46803
58.32998 +32.33008
101.88457 +29.36962
177.63974 +77.83284
252.98895 +4.38357
281.80533 -48.35739
315.76007 +20.50345
3.36226 +17.48644
7.78366 -22.61868
39.47710 +2.32803
111.85945 +33.81129
62.47620 +36.51717
117.33904 +52.66644
325.49387 -34.44590
350.32602 +25.38537
30.88699 +26.30722
80.08146 -61.25949
153.88408 +74.22029
311.58679 -2.81265
341.04077 +9.98913
349.79187 -66.67538
101.74975 +74.52823
122.11217 +39.96432
261.94284 -64.56163
338.57834 +41.32055
349.65979 +25.23286
350.21988 +23.80749
355.15729 +78.25345
356.65356 -29.07036
22.09075 +2.51304
25.17345 +45.83468
252.76230 -26.54222
256.14136 +72.44654
273.05856 +21.88475
329.12271 -55.56619
34.96967 +29.03624
38.76329 +41.35737
42.38094 +22.14422
153.04889 +4.92338
196.90160 -57.07387
349.76138 -22.71520
77.21664 +21.09144
153.61530 +77.82024
234.72870 +4.58305
304.88599 -53.50335
339.22339 +19.14388
306.60950 +15.01786
37.56866 +23.15325
50.60191 +41.47979
140.92915 +22.90903
345.72797 +26.83502
356.74298 -35.79459
50.64325 +14.91364
174.61124 -10.63877
251.28148 +61.84024
278.40250 +48.23635
335.94699 +35.38996
339.36093 +34.37430
65.63879 +3.20265
79.24062 +21.38476
181.90479 +2.69049
212.67151 -52.18419
236.41428 +28.08872
334.13840 -16.01645
119.51426 +56.68048
124.85107 -24.78566
195.26334 -40.42630
201.15735 +52.95927
261.61142 -59.72783
3.59345 +48.24652
3.93292 +27.44440
82.48121 +44.57750
104.49618 +35.73408
112.22562 +20.59178
239.84146 -60.02281
256.71884 +43.12213
338.51645 +10.17293
349.18207 +29.58755
8.50498 -3.16624
211.19353 -9.96221
340.50989 +30.70873
342.08099 +24.81764
350.33078 +1.40310
30.60839 +32.07225
207.21353 -7.64833
213.06593 +15.84194
257.96378 -23.02680
273.07678 +25.66233
332.71558 +2.10577
4.74760 +79.69572
32.49394 +35.72055
48.97537 +9.15963
49.36628 +41.61298
155.42152 -4.14029
349.80093 +9.29039
36.28083 +41.85153
94.61247 +50.88840
99.07216 +74.34397
99.24689 +74.28256
113.24355 -31.18818
154.85843 +44.40461
309.82599 -44.60628
36.36382 +37.17434
61.37650 +4.41173
124.43451 +73.31768
307.86273 -1.97472
24.31390 -9.19763
349.19934 -35.52411
353.27722 +9.75211
2.26760 +10.91890
3.48892 +48.15796
30.62908 +11.09308
68.84042 +70.10107
37.05314 +19.58332
20.45491 -44.05753
109.46920 +63.48562
224.87914 +73.89323
240.64786 -61.77453
270.50995 +45.29039
335.09549 +15.54244
25.37897 -65.61559
44.69756 +75.74448
71.60732 +3.50555
74.73217 -63.29822
80.15397 +19.05197
127.16991 -21.73645
139.98094 -68.90903
215.21248 +4.33185
229.34886 +7.89139
265.04614 +62.64179
299.36920 +50.42057
340.07187 +8.56591
39.44836 +32.41983
41.47633 +42.81217
110.00348 +17.94572
113.82807 +19.04597
116.12923 +67.27358
129.59634 +65.12102
149.47034 +36.34931
226.84308 +76.04907
296.15518 +47.98669
321.14774 -42.59102
106.01465 +37.91189
234.78215 +43.86528
251.98299 -25.03144
253.82513 +44.32359
255.37418 -70.01752
261.68060 -59.93203
305.54407 -38.30832
317.78165 -2.03877
159.33418 -44.85067
257.70071 +42.28762
326.96936 -70.98484
2.60781 +25.83184
20.87804 +11.29099
40.78646 -32.80198
91.93629 -47.41629
102.76232 +48.72490
121.02438 +5.11385
122.30876 -18.69505
172.01672 -36.54272
192.27098 -12.88652
286.23877 +34.46460
41.91877 +40.49484
57.96988 -8.83820
78.01380 +13.87316
261.34378 +58.82209
273.22556 +20.67309
310.16364 +3.59652
145.88792 +39.41505
304.89694 -32.84433
230.37663 +21.19063
240.97485 +25.01148
252.75180 -61.74507
257.10645 +25.51739
275.51187 +66.61657
339.19418 +19.38234
307.62955 -1.01407
338.96616 +33.94488
13.05740 +44.33100
21.22047 +9.70329
44.59202 +3.86276
