265.56192 +68.34832
346.75363 +35.77737
3.43932 +48.15126
6.24500 +43.66275
44.16292 +47.52574
86.48680 +74.09982
116.73309 +7.29634
234.37590 -16.59072
18.09087 +33.36441
92.91795 -33.12446
102.14967 +51.84124
109.06812 -28.34280
133.90195 +72.71629
134.70932 +41.58014
256.67233 +4.90427
311.35303 +6.07352
349.59421 -4.41616
32.30918 +25.57079
44.07370 +75.08828
133.73856 -58.91916
173.78548 -45.37994
240.39198 +1.70783
349.87521 +9.50822
21.15186 +2.04423
171.54414 +52.12501
331.85733 -10.71203
358.83975 +21.58806
17.04749 -47.13573
45.14582 +11.84277
52.75494 +43.24751
101.02904 -27.17537
101.88692 +47.65468
190.72493 +20.98965
223.62982 +3.28211
315.70844 -45.37526
344.63562 +35.80242
352.47900 +32.64974
29.52205 +3.08363
48.10957 +19.24606
110.28720 -34.39394
214.49457 +26.41260
318.65701 +19.00549
318.78717 +12.65878
85.42588 +6.68063
104.69762 +29.00959
134.04070 +62.35001
141.51361 +12.73442
141.65013 +62.40883
251.15363 +75.67305
267.27881 +8.10276
338.27621 +8.09747
33.75068 +30.77877
43.81188 +6.17771
44.14342 +46.08800
177.19144 +29.64124
345.03928 +31.40900
37.25455 +38.09848
39.12614 +32.71534
49.72899 -59.75599
187.49741 -14.62243
240.52945 +70.41709
1.37093 -50.27031
51.41621 -52.78549
59.85468 +6.69798
67.42689 +3.68204
198.29138 +50.57610
224.89153 +81.40050
244.07886 -60.95656
254.35217 +68.45712
338.12854 +8.20713
345.31595 -61.52562
346.84521 +43.60394
31.13272 +45.77290
43.75238 +16.01240
56.91759 +1.08731
150.66116 -45.49833
205.30370 -14.64455
244.93225 +31.28131
260.99948 +21.13707
39.63403 -6.90209
106.99678 +71.55445
155.80553 -3.23390
205.74985 -19.99461
258.78644 +8.45627
285.25204 -53.96951
64.30447 +10.45559
328.99673 +5.90250
94.00400 +47.09843
220.48129 -43.61897
314.18094 -43.98603
22.88023 -12.65417
320.24918 +3.98541
347.64969 +21.71142
18.71868 +1.91744
29.85439 -67.78770
90.07188 +35.75035
100.67681 +53.16139
109.94488 +30.91553
179.73712 +30.41361
193.89030 +8.24050
195.09175 +80.12179
280.31180 +35.04852
6.01182 +16.48639
34.48388 -76.08126
40.49033 +19.03019
106.55949 +23.58518
289.04407 +60.41751
328.83768 -34.81414
21.22001 -11.58926
47.46891 -10.04957
176.31648 +79.68150
257.74335 +46.40585
308.76947 +1.93927
344.55396 +25.22085
0.02926 +8.27913
15.99740 +21.22539
106.04325 +37.69044
131.46069 +53.99245
240.76163 -61.76206
241.51688 +55.42533
256.57974 +10.37513
29.69434 -78.39823
53.15602 +1.38256
175.95462 +19.96839
241.82356 -60.68029
266.11179 +55.82803
328.99713 +27.89842
172.03922 +16.92047
292.58411 +47.13265
352.04486 +32.47287
240.80156 -64.11528
256.25528 -24.75273
257.47610 +40.59660
47.53878 +4.84796
100.55997 +26.05042
200.15680 -16.91434
233.94888 +73.45078
264.96655 +43.30285
304.72177 -53.95707
28.55472 +7.88365
102.77353 +39.67595
142.80814 +73.81053
147.30293 -5.33819
352.12128 +19.86386
27.95055 +30.54353
39.06350 +27.17952
44.67258 +3.43488
48.05464 -25.30493
215.66809 +69.59466
247.83917 +20.18500
263.24615 +1.71448
277.66473 +48.30752
325.89847 +14.01465
1.27778 -35.69493
43.39415 +41.88585
125.74089 +25.73979
128.32416 +41.25952
216.97113 -13.99023
308.68597 +7.98664
200.75970 -57.53449
327.87466 -55.33686
335.90411 +30.85700
358.44159 +7.86048
255.14630 +29.72584
359.19809 +1.35510
38.60780 +41.14817
213.44371 +8.22089
222.39934 +25.38128
259.72107 +52.61531
289.32098 +33.42527
342.57358 +11.63677
344.66562 +18.81991
82.30724 -42.20989
112.57250 +24.32778
275.41376 +52.44813
278.40054 +67.11063
309.32382 +25.52713
93.95480 +66.83922
216.30551 +13.74580
267.03369 +51.39918
309.53934 +10.72490
352.63959 +3.90160
203.83160 -28.02180
218.73001 -50.72126
287.12030 +52.22419
288.81122 +51.52023
337.88678 +30.95597
35.88403 +26.51151
44.62380 +6.30636
67.99969 +6.77778
153.67419 -44.85438
195.07370 +27.95528
218.44513 +40.08090
233.81851 +30.86411
272.35907 +38.79441
15.46970 +30.14582
39.13174 +7.30951
47.22824 +41.46693
55.51631 +15.98838
80.99580 +21.48142
