154.78136 -26.98461
5.70776 +6.96432
29.27823 +32.78862
58.77010 +27.60873
76.14617 -55.52502
164.56783 +8.24162
294.09964 -64.58341
329.25952 -28.61825
47.21209 +41.81164
55.56732 -4.73075
243.41405 -60.99879
33.01863 +15.58900
72.61147 -61.34548
272.70547 +21.23863
327.69482 +14.11020
109.36797 +34.07772
140.27652 +70.69833
213.43250 +29.42902
322.21326 +31.83716
328.31659 +15.61538
43.98091 +41.58237
51.28903 +42.40184
105.70078 +37.12119
196.40219 -43.50053
250.44611 +39.98437
15.29739 +30.13075
42.20699 +40.67937
53.74547 -15.65599
124.02205 +58.00552
243.79118 -60.89114
279.38959 +20.02379
15.54270 +32.45181
28.42604 +29.93316
41.72770 +23.59559
47.21339 +27.21699
100.27245 +50.15521
161.03557 +70.40536
189.62535 -42.86447
357.46338 -27.95107
13.75522 -3.08035
28.34191 +19.95382
109.16208 +33.98788
267.69672 +62.88080
322.41183 +6.68257
21.95333 +48.81933
76.58630 -19.46666
250.21776 -6.31460
349.85452 +5.90612
17.12472 +39.69545
168.30426 -67.53424
317.70953 +5.07136
321.52615 +30.49340
347.51956 +30.22433
61.61853 +31.28279
200.16693 -17.64892
246.83301 +1.92085
257.28412 +9.39945
257.93372 +42.69519
269.31812 +64.93808
349.55798 +10.29830
351.13092 -19.05910
21.77113 -35.60670
23.14661 +49.40476
43.24533 +41.53453
55.39654 +13.55068
85.91551 +68.94521
182.88284 +29.08932
219.02812 -54.41440
341.09109 +25.11117
353.95541 +16.36800
14.21838 -31.96299
343.77606 +32.18468
190.56912 -5.79067
204.00586 +6.58539
329.29956 +30.73026
7.94059 -5.15264
23.83976 -32.77644
68.69466 -13.48463
94.42307 +66.60093
96.97109 +35.51708
103.80923 +40.96072
104.75835 +45.44431
217.33495 +79.24131
341.84964 +40.86635
41.98489 +41.24646
50.21165 +15.94317
194.84727 +27.91161
310.55713 +11.56588
10.72711 +23.50305
38.09452 +42.19871
64.69868 +3.22787
179.90115 +21.24755
262.53491 +35.36646
214.79028 -19.47791
259.77725 +36.06088
278.98785 +38.13503
339.47202 +25.33857
1.39293 +53.63132
32.14321 +29.23403
38.15918 +31.56428
43.69915 +41.31443
66.49968 +70.16219
157.74049 +72.80916
316.73657 -48.86340
349.26434 +71.89815
5.28423 +27.21343
119.14538 +63.60876
152.41771 -39.83929
210.39539 +38.68605
227.67081 +55.34985
269.23596 +24.01724
356.81107 -27.95783
72.49019 +82.65058
99.95589 +74.33329
123.64809 +55.14440
125.92449 +62.27265
177.89536 +27.63966
246.85374 +21.61148
21.46017 +18.18435
98.00877 +33.11061
110.55689 +56.49613
168.28226 -69.26171
201.58847 -12.21768
338.41214 +51.17951
17.78584 +8.77536
166.33052 -3.97611
187.13130 +53.59598
191.78819 +71.17614
199.57747 +6.33534
251.73643 +34.15551
7.27969 +31.00278
34.68730 -11.48771
40.65362 +32.72180
74.55154 +3.98562
103.98840 -36.93809
284.18311 +25.23721
330.17233 +10.55224
80.20169 +3.26026
183.59210 -56.54255
188.69138 -42.53349
195.21486 +28.04284
205.73140 +29.86860
260.11731 -0.97968
344.61530 +18.91877
26.47849 -29.03840
31.50842 +45.19342
37.35928 +20.21726
86.20366 +16.77393
204.37912 +38.62149
348.56799 +30.55147
9.43283 +25.64020
10.76935 +23.50912
30.09738 +24.58055
48.36972 +41.07513
172.37045 +24.09350
208.30484 +37.88311
241.13219 +14.81919
19.74254 +16.32553
62.24965 -48.72699
102.39089 +44.43126
104.41525 +39.08728
104.50993 +44.15364
108.48369 +23.23931
147.91666 +65.49109
229.17424 +7.39696
268.14709 +29.81810
288.30536 +45.32144
324.71506 -22.21887
32.98048 +22.59202
44.37360 +10.45728
63.40508 +27.58320
100.56317 +34.43313
151.31523 +72.20051
250.31346 +51.18428
270.73782 +29.31070
304.38113 +72.12377
53.59130 +40.91930
235.47581 +28.13405
258.08627 -23.30882
299.76794 +50.79073
96.71450 +52.45060
162.04218 -65.32452
202.43636 -21.18232
160.16090 -46.31675
184.07387 -26.65762
275.56430 +48.11091
292.04089 +52.89492
171.89084 +36.06083
214.01900 -48.12731
242.80421 +26.87203
255.25134 +39.56609
265.22849 +38.73220
346.95361 +22.71027
51.48570 -4.33296
68.31114 +76.56696
154.03694 +65.91692
210.55769 -33.16942
215.80530 -50.29732
243.51195 -60.49467
247.45142 +67.37832
