277.41528 +23.06859
339.84100 +35.96385
340.07114 +8.05374
347.96021 +77.57910
60.73112 +21.48384
134.02516 +68.25687
352.02008 +18.53144
355.44302 -1.35163
38.11786 +41.94427
126.96380 +63.27791
195.27502 -14.32619
237.23798 +7.22229
318.88773 -46.77936
354.68176 +27.21544
134.95145 +55.70640
165.07957 +10.04741
195.12357 +70.19870
223.48779 -70.26557
249.65680 +49.13702
309.89346 -28.48883
49.65928 +37.60806
259.17715 +8.19276
307.53528 -15.22778
18.21578 -61.66431
181.59505 -44.44848
256.93970 -25.06081
315.18750 +13.32628
339.98404 +11.02755
354.86267 -47.77477
41.38469 +42.15777
210.33981 -33.06378
252.36778 +45.46122
301.96167 +59.63618
350.83972 +20.56707
194.29167 +78.61617
298.82816 -54.99305
317.46823 -45.52760
337.15848 +16.93406
29.77785 +36.06299
39.21452 +36.11262
50.08577 -54.27350
133.23587 +42.41506
197.34657 +6.99633
243.87820 +64.22509
260.04712 +23.84102
12.25877 +28.21805
30.09905 +21.10825
107.38543 +28.66081
109.05789 +32.93725
154.45515 -68.54015
223.51172 +73.13168
299.93240 +14.76544
320.76773 +15.39432
102.22518 +66.26136
120.05367 +60.28852
140.86278 +22.32624
214.72850 +5.45153
232.66032 -47.63041
241.93982 -59.92476
278.29150 +66.95905
39.65417 +32.06971
110.70615 +53.95534
178.35165 -53.61485
203.95830 +34.99885
337.89072 +34.71256
36.69305 +41.83450
185.05260 +58.09296
208.55080 -4.84698
294.30521 +2.75237
19.98866 +21.38080
150.22330 -2.97197
152.11928 +0.36793
266.82663 +45.70795
343.51746 +32.37341
41.18054 +16.72930
46.72942 +41.50933
53.69566 +41.32711
103.75011 -36.02238
87.72685 -14.77995
142.77225 -42.23967
235.14693 +28.36059
328.05566 +36.09885
357.97668 -27.92984
4.95311 +23.77261
21.87418 -13.74093
37.45809 +23.10858
38.90542 +37.63889
117.22212 +28.90165
170.43176 +46.20982
186.85001 -56.46958
226.95433 +3.98413
267.37640 +20.76378
305.66226 +9.58507
325.66757 +28.94659
63.56077 +24.66088
144.53426 -20.33069
168.48628 +12.30256
305.37830 -20.42521
310.18295 +10.78477
32.35437 +30.73969
44.40619 +16.06795
49.99611 +41.47953
225.56168 +68.26181
237.06172 -78.17885
243.81657 -61.13286
14.32922 -30.93743
38.05933 +9.72019
317.03122 +65.73898
341.53903 +38.05289
344.90628 +24.84767
34.61349 +38.02345
58.19848 -47.47752
80.22084 +3.25081
117.26385 +63.06853
21.45828 -1.29280
254.36177 -10.19118
318.30344 +6.73418
319.49579 -22.83559
353.35342 +21.13005
186.94759 -53.24575
240.07869 -62.43488
241.28751 +17.72993
306.94025 -52.38437
0.05404 +46.96514
23.70901 +21.41844
120.56248 +9.39442
139.18279 +18.95463
194.38751 -72.02188
3.93184 +29.66679
88.05052 -14.11004
160.22871 +5.99183
280.02921 +40.13760
346.01843 +20.06724
40.56557 +18.21720
243.43759 -63.40818
259.15387 -73.14720
264.69107 +59.37313
333.19989 -38.40279
13.49506 +40.41362
29.96768 -7.08696
37.39559 +22.94313
134.47450 -53.87590
241.94614 -59.67696
297.68317 +46.80500
312.32492 +11.30288
28.68398 +18.04711
59.16403 -59.39476
162.07913 +0.84081
267.66739 +17.53787
21.19884 +1.60758
280.11508 +23.80541
301.03867 +7.14557
58.44274 +19.97391
108.01919 +50.59249
147.78471 +15.73042
235.38681 +59.75531
237.84033 +43.41766
284.28232 -78.47256
349.81387 +8.35015
47.40382 +18.50064
70.53260 +20.05020
100.34472 +53.74624
158.89346 -6.17961
162.68904 +76.93714
201.78955 -11.78841
239.70926 +81.69350
250.25761 -61.64758
341.85443 +31.37354
11.86691 +50.88361
21.89528 +31.55473
97.98107 +35.55250
152.75323 -67.14445
165.63016 -6.87031
255.99223 -7.16645
351.70001 +25.68597
14.75364 +23.85286
264.71933 +74.83808
264.87970 +48.35467
343.13623 +11.66195
36.42817 +41.77736
257.89896 -24.23205
258.57996 +45.74916
270.64151 -63.31695
283.84058 +72.77143
54.39226 -51.18919
166.01880 +45.26234
33.49924 +41.87679
258.41724 +40.96309
299.29755 +4.58900
14.83243 -18.23466
29.55664 +21.35053
47.00412 +5.96655
110.69848 +18.92754
242.08774 +57.94259
252.54558 +45.42064
279.67636 +37.04789
37.91692 +39.37837
45.46395 -10.62060
66.05734 +30.91566
132.10196 +73.67123
