147.47598 -19.18417
167.43553 -7.59258
326.90375 -29.69331
11.13684 +8.60241
21.59760 -38.59415
30.11190 +25.08259
107.60830 -23.53878
150.11287 -7.90385
4.49589 +29.46972
11.58073 +51.21745
41.66330 +21.58594
47.60740 +20.38496
74.63107 -0.57466
266.88712 +64.02757
4.26100 +29.94239
15.13542 +30.79721
99.95015 +65.45315
295.39542 +3.65172
305.47409 +52.40897
351.92108 +23.58895
30.44375 +26.54690
89.54520 +46.84521
96.95598 +83.31038
102.47974 +29.52134
156.79248 -3.31888
323.59348 +26.35330
344.86063 +15.54838
77.85785 +24.75509
93.77383 -9.77165
120.32264 +4.29979
165.04158 +35.32254
274.18777 -37.79057
2.45079 +27.83232
13.93693 -50.46407
80.00016 +6.68000
233.32283 +82.22936
264.05032 +69.98894
268.06354 -60.74348
300.75632 -17.23209
324.63925 +32.08498
339.25391 +19.14620
347.23825 +12.04804
141.25325 +64.56042
145.24849 +21.19270
204.66411 +79.45885
217.59537 +59.46973
268.02448 +21.56914
307.71811 +4.76188
14.68309 +11.80800
28.81599 +10.01366
95.85927 +64.57452
108.81499 -29.28148
153.31752 +65.51819
237.67294 -3.88830
308.92197 -0.00577
314.21970 -16.58580
345.79285 +23.29478
103.01045 +27.46098
251.64763 -31.58933
254.37138 +27.84434
312.34900 +5.99558
317.40109 +15.12496
9.88899 +6.81508
39.48032 +2.07977
186.49509 +15.67149
229.71378 +6.43588
14.60055 +48.66188
63.22999 -15.39336
107.00535 +15.17841
156.79739 +71.41788
231.81255 +77.15693
326.43793 -74.83015
344.99817 +17.89320
348.79343 +28.95053
35.22268 +0.55676
160.42627 -28.77977
172.34850 +28.54371
254.31435 +46.87460
336.07181 +32.44625
357.09702 -28.07485
54.46178 +4.94881
162.00903 +14.40792
193.92766 -9.09049
289.41187 +50.65625
293.92596 -57.51922
335.51013 +35.66255
351.51086 +13.20177
1.05410 +10.79052
33.97920 +33.81023
36.36622 +20.39532
47.48213 +16.02867
54.71590 +40.99052
67.87904 -52.03547
104.76176 +80.00348
339.04428 -31.72784
199.36894 +20.61231
349.87701 +16.07476
42.25154 +13.22376
57.73978 -8.51355
218.93561 -0.01326
23.71923 +12.07762
24.19618 +5.83538
50.38882 +13.54868
67.59120 +38.82159
152.66794 +24.41414
164.23868 -50.00074
261.02734 -59.38217
323.53525 -20.47101
343.68735 +32.21365
41.45498 -23.23376
155.93497 +78.87342
190.57922 -5.77536
203.34383 +54.94906
337.11014 +17.14744
353.01202 +23.91301
9.83918 +2.45622
43.66288 +42.16065
49.73128 -12.74019
67.38419 +0.21170
80.74583 +3.86180
216.36345 +25.52623
1.85254 +46.98876
20.28335 +1.37335
31.18248 +8.54309
46.00299 +20.56075
108.24543 +27.77500
190.35727 -57.83432
230.38570 -7.37717
335.63882 -23.51498
118.57660 +54.25556
197.22581 +28.18382
204.22154 +17.38695
317.37625 +65.78339
354.52087 +25.71973
15.30445 +30.15339
36.92092 +27.22118
75.03296 +72.31595
253.07858 +55.90552
285.78284 +63.84554
39.60156 +7.99294
56.28350 +18.62569
77.88506 +17.05618
106.50536 +28.29654
112.75282 +13.09509
162.44643 +51.89419
290.06519 -84.79315
296.85254 -10.20591
349.79852 +8.10932
2.19333 +15.81557
19.53694 +11.38178
38.31888 +21.49739
85.88727 -27.65143
111.23939 -27.25470
156.57918 +45.57787
205.67622 -11.57733
281.59216 +40.58207
313.55081 +17.77933
43.17662 +41.32597
53.95923 -1.98425
75.37399 -63.29332
84.59749 +79.58692
118.83123 +53.33078
209.99022 -37.86359
42.70432 +16.00772
44.20816 +15.98435
216.45251 +83.29015
17.86519 -45.93767
58.23413 +40.11280
72.27255 +71.52197
112.27238 +26.91695
116.53506 +56.98637
116.59471 +57.02878
140.85135 +22.31314
209.59561 +14.45725
249.46906 -64.81345
29.22471 -68.38120
44.74460 +41.28856
72.09480 +0.22422
115.45930 -2.68699
244.48875 -60.92303
261.59149 +35.26950
316.86078 +18.05322
7.12407 +2.64861
30.56607 +9.96859
167.99019 -16.93044
243.88586 -62.08941
254.94704 -73.05804
257.64563 +39.92488
331.40561 +44.83777
72.71970 -47.76829
78.35563 +24.71394
344.96484 +26.03319
33.19178 +36.30344
44.16671 +9.42262
75.17081 -49.74682
107.66290 +39.72430
122.33501 +57.83424
156.87378 +1.25467
159.33289 -3.35772
39.50908 -33.70442
