45.91383 +1.94786
245.44518 -61.42540
267.96976 +31.46179
18.40377 -45.33527
30.63495 +16.01418
96.18159 +53.27892
208.67583 -54.56146
244.21820 +0.84130
296.38278 +43.14062
334.02039 -26.68026
335.76013 +35.82086
33.53589 +35.71923
74.94176 -0.15764
112.51304 +5.80452
125.13929 +4.57170
214.56223 -19.97794
339.01407 +33.94810
6.16120 +33.25618
78.72243 +5.41281
240.05434 -62.56494
257.08167 +42.95783
311.54361 +18.93565
326.25339 +65.89506
332.58969 -65.50238
343.97900 +6.37751
358.80688 +21.76218
59.09958 -53.87801
111.54836 +48.95567
264.88654 +49.60164
354.28455 -37.71413
8.48890 +7.26826
169.78175 +3.23110
253.58128 +50.47515
270.41647 +1.90769
329.57516 +8.42396
0.54387 -43.97774
21.43440 -1.45670
42.46585 +34.98795
57.74887 -8.39185
210.89536 -34.07376
6.70304 +31.70331
46.15472 +42.36284
52.58021 -4.24256
57.45602 -71.63538
127.60523 +70.89108
137.50755 +22.85500
184.92979 -53.58604
220.59326 +22.33281
259.06906 +43.82047
267.08478 +17.94787
279.13522 -62.84827
339.34119 +34.48180
77.28102 +7.36105
78.31946 +51.33162
163.70143 +61.28990
243.80450 +11.29740
51.27227 +40.55860
225.20140 -51.73902
239.55573 -62.88722
258.09225 -23.43464
307.36447 -15.78048
352.47308 +32.08520
57.19375 +13.13917
60.19198 +17.58311
96.99992 +74.30170
133.21857 +72.92654
146.95920 +15.85121
260.94711 +26.48654
20.96636 +32.65888
50.16169 -54.29600
141.77924 -62.56814
164.96524 -6.15024
54.58247 +41.29274
55.26209 -22.71914
95.79782 -23.02795
115.68313 +18.32667
273.13989 +61.33191
355.37125 +3.73998
15.42566 +24.05801
116.04945 -35.80883
194.80467 +27.97694
252.47166 +55.54306
336.01169 +33.43692
60.62584 +21.62542
60.88600 -43.40012
3.74818 -7.26097
161.50444 +74.71137
164.54573 +1.60465
172.53564 -4.03092
239.88367 -66.13191
285.82321 -53.20560
58.40630 +37.26412
66.25544 +7.17099
84.44524 +54.16273
101.08749 +74.44345
227.05186 +10.27876
253.78998 +26.66292
273.19846 +25.41232
296.67068 -5.98418
117.35391 +74.33420
119.33908 +66.43714
325.42245 +4.10464
29.06714 -4.18643
71.95737 +72.86007
82.01116 +64.23401
89.32372 -52.37089
30.90150 +48.45524
41.19890 -24.51390
106.38750 +54.07661
165.36594 +27.71948
223.95279 +63.90348
233.81143 +27.32489
350.75485 +17.74173
3.43678 +30.19526
161.49748 +34.96487
190.99031 +32.17024
350.00458 +27.21332
28.68942 +39.38352
40.93268 -26.12060
119.22558 +15.84096
143.33717 +46.15270
203.83884 -34.20577
231.02379 +20.77079
312.02600 -30.22659
49.80014 +41.08921
54.58390 +7.63580
79.22418 +53.19175
118.95290 +24.70592
152.87578 +30.79155
172.32133 +35.57561
243.62561 +62.53671
332.10175 -29.05117
42.42031 +41.05506
212.17496 -21.59720
254.43745 +68.51473
278.37708 +67.13731
162.75375 +71.66348
165.79054 +50.20623
197.58624 +31.44395
218.59334 -50.02032
347.96439 +9.50654
47.60611 +19.60658
160.63116 +5.04393
259.81033 +48.98041
273.36240 +33.74236
283.45627 +34.99694
357.84421 +20.09681
13.95388 +24.14748
41.55350 -26.30716
142.59583 +19.46929
149.07385 -12.97101
238.46970 +81.80569
245.54016 +57.27094
285.50046 -42.62891
1.61278 -13.41611
29.84084 +36.82700
31.17986 -29.30077
37.80963 +40.39033
46.81561 +20.90739
108.40895 +50.03128
167.75148 -71.62160
290.28488 +43.32538
321.04764 +15.98817
43.68314 +41.86917
44.14426 +16.88472
164.52158 +17.12445
174.73724 -10.25934
246.90222 +59.56246
307.25616 +10.67870
345.38516 -46.64631
19.67179 -58.73139
38.37946 +6.52774
242.26366 -60.62251
0.69321 +18.88622
30.00173 +23.60433
36.44431 +41.12833
41.72374 +39.60376
78.31835 +66.46391
193.28403 -10.37819
197.05356 -57.73840
89.06876 +48.54326
102.07315 +25.52659
109.21597 +7.77371
121.20064 +20.69377
189.82878 +27.77349
196.08397 -30.16352
5.14240 +47.43458
112.71845 +13.05564
227.92305 +4.49133
342.33475 +19.28901
30.65731 -42.79585
69.94195 -62.72444
100.39465 +50.25982
125.74744 +4.27637
131.50461 +64.12178
164.85791 +46.12360
242.79694 -60.75302
282.86639 +58.08277
5.50518 +49.13343
256.26825 +62.45776
