48.59828 +46.18055
3.07860 +31.06108
209.26997 -24.80695
1.45172 +27.44943
6.83343 -4.89138
38.65346 +34.86943
50.12872 +41.50899
112.80122 +18.24415
166.73598 +7.17392
173.48140 +23.64375
202.15768 -37.57327
333.76141 +16.36787
0.89590 +23.20078
33.61996 +17.19718
212.95459 -19.85367
268.76208 +28.51478
99.53374 -11.62699
103.15411 +45.78063
18.90873 +9.30701
38.52082 +1.35152
113.78180 +65.00907
188.45909 +77.71143
325.49567 +22.71351
344.22165 +53.87700
348.95804 +9.51637
8.45944 +30.72343
10.12751 +6.91743
19.01868 +46.73050
20.19304 +33.04486
44.16850 +5.91294
46.93549 -4.31929
51.84032 +49.98370
95.00407 -37.19481
106.78400 +50.39299
172.94127 -9.67258
258.23230 +40.26651
293.36365 +35.82489
339.22949 +14.41231
20.66404 +5.38725
58.31742 +32.29874
66.71522 +1.70450
79.79832 +4.80584
121.66561 +73.34357
14.71260 +42.54926
41.34757 +11.45812
119.96368 +56.91502
325.61194 +13.89975
355.21246 +4.58816
26.59177 -83.39960
44.54866 +5.83664
146.51683 -3.97183
169.23424 -6.21945
188.22249 -5.71666
191.58348 +83.40909
241.97079 +69.90482
255.84300 +12.24650
262.64581 +23.62466
19.75976 -17.06040
25.12930 -32.70143
37.62920 +22.94966
49.56846 +41.73492
347.95953 +31.02121
42.09150 +41.61348
70.11102 +36.57642
168.88881 +5.11541
208.87401 +25.07366
269.38474 +45.26228
273.51205 +49.04417
309.19711 -45.30812
80.43552 +84.48225
207.62135 -52.94657
219.53920 +66.33804
278.02887 +37.61357
339.13699 +25.76318
188.69493 +47.75893
247.13156 -59.01028
248.24693 -58.20319
277.82364 +34.41954
336.33813 -31.35566
36.87981 +41.93079
47.55775 +19.26893
163.58575 -4.34676
351.14099 +8.61615
14.52177 +30.42558
41.30630 +32.97814
63.24903 -32.55328
75.98409 +31.56462
111.40521 +29.95410
273.92920 +51.78724
358.10080 -29.02300
12.00958 +29.95736
28.62516 -49.54239
164.20525 -47.65852
328.33200 +15.55224
342.41287 +44.00230
351.34235 +28.85680
359.15527 +27.10484
0.08051 +22.99055
20.14937 -17.38704
50.29230 +19.81230
82.35365 -85.92858
87.10085 +14.05663
167.47691 +24.25691
259.31677 +40.57943
269.27112 +47.74137
276.31555 +20.91300
3.34894 +28.36902
17.79722 +32.70179
74.21769 +2.79805
80.35094 +15.24114
180.28699 -42.74678
197.59369 -7.17070
261.35477 +10.27855
263.29831 -76.41265
274.33899 -37.35435
318.19876 +8.78233
352.00433 +32.16275
20.85037 +9.43354
31.02056 +2.78683
79.05717 +6.44761
145.43185 -60.79888
224.33894 +19.67286
268.67191 -60.91121
346.10324 +17.95315
18.56056 +15.89835
22.94496 +38.71704
166.82739 +76.69493
172.23740 +73.03485
342.38876 +32.36741
124.93330 +79.23483
150.67078 +70.74181
193.20515 +47.68511
297.86374 +3.56097
7.43213 +21.47683
35.34878 +16.56655
50.92897 +36.91960
224.71870 +7.00730
259.48398 +48.46775
317.76578 +22.91044
2.80934 +28.90648
4.94728 +9.16693
40.11917 +2.47872
45.85054 +4.49178
66.81724 +32.62514
102.48392 +25.70489
39.09909 +31.71140
88.03239 +16.19867
157.54741 +43.36104
196.98149 -56.22425
3.64241 +28.45044
31.53296 +49.90939
35.29895 -42.00161
106.97807 +13.08754
346.01111 +22.62425
358.85901 +47.28021
9.47550 -6.41283
29.55841 +19.09998
36.30923 -40.42410
139.34537 +24.88747
248.62488 -67.31165
11.80953 +23.05353
27.56452 +33.49560
46.54069 -8.83322
57.99617 +17.80581
255.56705 +30.70338
31.07731 +28.65591
47.02726 +30.47471
79.17298 +6.49377
121.81128 +4.46965
192.59473 -14.32187
267.67438 +14.82176
291.53961 +84.05520
174.26898 +55.58231
179.74577 +54.23900
245.42618 +55.08610
255.15077 +47.26485
272.91101 +25.65764
345.85211 +24.59707
348.61996 +4.19224
348.88376 -38.53559
207.58640 -8.45603
217.23729 +11.19689
250.80649 +74.70701
279.10828 +77.09093
323.10455 -34.37281
16.88649 +39.40013
16.93716 -46.86361
252.74521 +81.57473
343.54016 +8.53243
15.32057 -57.79790
42.22376 +41.77798
113.00191 -31.79761
289.36206 -1.77802
326.74789 +1.71274
335.78827 +32.14872
347.56888 +26.62102
11.81673 +7.91003
44.19555 +4.97783
253.04381 -28.29900
255.79465 +51.36711
