103.41754 +54.97379
115.30978 +27.61414
183.94275 +48.13143
195.92014 +2.56813
247.04814 +39.82193
255.23302 +58.93754
338.69946 +50.16764
349.44135 +29.02718
49.64984 +41.47722
231.64244 -48.11922
256.79880 +11.42130
295.35672 +51.82031
21.77296 +18.59878
43.69647 +15.58939
206.01346 -19.80682
207.88544 -48.08352
7.81510 -22.55993
54.39011 +23.29319
69.22053 -64.57229
83.51567 +13.78688
329.06238 +2.17262
358.45773 +10.94466
36.31810 +24.26480
40.39529 +7.18717
149.73444 +14.41890
159.91696 -46.29165
178.48964 +25.68499
232.93826 +67.55636
244.09369 +65.35388
263.63748 +50.26015
289.86148 +52.33198
307.46237 -38.97881
1.36655 +46.54360
36.46068 +27.41278
262.21564 +52.72345
355.22604 +27.50963
65.95513 +13.18170
101.48005 +51.62565
102.91922 +29.07218
109.17869 +29.85497
113.44600 +65.44602
243.59425 -61.14390
247.18506 +39.47386
12.89589 +29.40125
80.33330 +51.73038
101.72492 +46.40641
140.90231 -10.43374
185.19791 -6.97167
229.87564 +67.50459
260.59912 +6.67129
358.10187 +28.77266
21.83838 +11.97559
147.61403 +66.73604
192.90555 -41.30345
206.29956 +23.07187
221.70290 -66.44161
35.34696 +42.87645
79.07117 +6.31926
152.89548 +69.25810
268.80206 -0.04427
307.04980 +0.28827
337.31924 +37.75244
349.52591 +10.29992
0.63468 -30.62166
211.29764 -53.65934
255.61406 -18.72166
339.41357 +20.01605
13.59543 +31.66520
35.45206 +16.87465
45.16542 +40.87907
311.07492 +2.59487
319.47733 -23.03594
319.72244 +15.68083
328.53967 +15.03685
25.40555 -89.33452
86.06678 -55.53244
113.23357 +64.99248
137.60158 -58.56513
141.52103 +50.43827
330.71295 -47.19732
94.71995 +51.92286
129.06416 +28.06023
192.88551 -27.78301
266.44647 +55.77670
289.17825 +44.78328
6.99822 +30.76484
20.36500 +7.01808
31.40543 +6.77202
38.35206 +20.27302
41.54150 +24.53742
136.98462 +49.59679
159.18721 -27.46953
212.22964 -26.94907
267.59088 -59.56086
355.95639 -67.71494
245.71948 +82.39177
332.49689 +16.49062
28.51978 -67.90296
51.59171 +21.33527
52.67608 -3.16356
282.00876 -63.60262
356.84912 -2.35126
21.73992 +39.01825
53.30246 -50.41425
115.97955 +62.07152
228.13330 -49.56749
35.27652 +23.60035
37.10786 +28.46760
58.32286 +36.58934
157.35037 +55.18675
162.29184 +29.81596
209.23723 +70.75435
276.70758 +51.13918
348.29684 +10.77216
4.64959 -7.04880
28.97091 +18.04452
40.12081 +19.29711
57.43794 +28.16680
57.96077 +13.71468
119.13358 +56.68712
133.69621 +20.22020
243.24799 +2.18123
243.60748 -61.40865
267.07401 +34.10186
34.79887 -12.78163
40.71666 -25.45431
60.62368 -9.33546
104.12412 -65.56048
200.17099 -16.90041
267.69070 +23.13862
319.38376 +15.46151
336.65338 +36.72893
18.41648 -30.23750
107.60042 +74.89104
236.82744 +68.36778
5.23101 +21.86602
23.66574 +55.41753
62.85290 +16.54696
242.67763 +57.46654
256.90384 +60.72869
269.14621 +62.61703
326.00958 -4.88483
51.09504 +40.78867
89.63049 +40.51743
178.55110 +0.13663
252.29808 +53.41979
316.48114 +7.67722
184.88998 -56.32463
201.72470 +32.19322
218.54529 -40.54877
249.55844 +41.93885
326.65411 +8.29245
354.21832 +26.51000
27.69511 +32.54670
71.09477 +9.78355
278.99390 +51.45882
21.30427 +2.06695
41.49408 -28.26967
105.46693 +22.27711
115.11946 +20.69923
141.91852 -80.17995
178.74017 +69.33011
241.37158 +19.94214
280.48856 +50.23561
5.35653 +22.51171
13.48022 +24.77213
88.90083 -53.94614
150.31403 +70.98558
165.39160 +45.65383
168.60022 -3.89317
266.77301 +57.30107
298.00946 +48.12682
300.28668 -37.78508
339.69778 +72.54669
2.46629 +4.67516
92.64375 +79.86691
229.82971 -41.23313
259.35504 +7.69535
264.61353 +24.95343
342.54733 +31.37851
69.61022 -21.74536
180.65233 +41.05421
234.85130 -6.84452
336.96048 +29.09597
341.05127 +34.35122
57.49404 +17.83369
68.44356 +11.85292
247.08331 +38.81142
19.10969 +39.05286
30.53036 +23.54985
51.16211 -40.23970
241.91991 -62.30991
264.63617 +12.74387
350.00504 +32.92287
42.33616 +19.30400
178.42703 -54.10488
236.64998 -62.85793
275.74554 +30.66742
307.73029 -0.64934
332.02390 +67.69252
