59.87470 +21.79714
344.83224 +24.10691
91.63750 +74.94717
193.23421 -26.69695
199.08202 -16.67047
217.98428 +33.64256
218.29044 +3.94654
232.36203 -42.89082
257.46234 +49.30944
265.15842 +41.30141
307.57434 +13.64681
331.28720 +26.60712
11.20837 +20.10873
22.43402 -18.33938
43.93939 +30.75600
103.53023 -37.00314
114.19608 +55.04099
152.06818 -40.18190
321.87280 -49.10416
355.82138 +27.35900
37.63629 +28.73389
57.79190 +3.79509
67.44692 -12.50450
180.70938 +18.01553
270.28195 +24.74340
317.12085 -43.48941
343.05142 +49.44506
344.37384 +8.79389
359.21478 +5.50841
33.52322 +5.17329
71.12523 +28.03521
156.15665 -0.86862
165.46445 +75.20135
210.11404 -7.95619
267.01852 +14.74148
308.01617 -57.58765
343.58194 +11.78248
13.39621 +31.41970
39.68475 +2.23128
47.62761 +35.08394
116.66045 +9.21952
157.24257 -67.51435
3.67029 -37.65735
95.42256 -65.17805
111.09641 +49.30139
114.44700 +28.64389
173.84666 -46.29324
5.21571 +21.53657
54.11574 +48.50498
67.34488 -62.88894
262.64548 +16.28874
329.18259 -28.41416
354.82407 +25.02051
41.17823 +17.16996
44.97872 +24.22539
49.85686 +40.47896
79.79220 +65.46999
260.92599 -64.95802
310.83572 -4.49980
328.09766 +3.42715
1.66731 +26.15452
37.34613 -42.98600
80.15552 +5.14713
108.18243 +6.56583
110.38608 +55.75745
152.87659 -39.88125
219.75450 +30.95685
252.69458 +4.60468
281.38409 +59.98110
358.18411 +27.13236
23.78675 +31.03865
24.90771 +7.23732
34.72557 +42.57773
40.34880 +36.96392
47.42808 +40.97421
50.37006 +41.53694
103.70369 +23.50189
171.37869 +35.50469
209.59148 +8.25476
239.33737 +47.16648
80.05238 +5.83758
163.64787 +56.99071
286.24536 -58.57940
19.97248 +32.46735
42.64809 -31.52008
87.22076 -25.63480
130.86023 -53.69593
144.33043 +33.82356
155.34714 -4.83930
238.89993 -60.94104
242.28554 +12.08494
8.97701 +31.87330
28.66837 -62.10490
202.64014 -6.09225
246.95413 +62.69086
270.28516 +22.55264
332.41821 +13.63573
338.61057 +25.03041
5.46416 +22.39999
64.83706 +2.59740
285.89835 -53.17178
9.41615 +10.35798
40.14817 -20.39725
68.52650 +73.29913
118.30842 +68.09728
169.89557 -5.40305
175.20015 -69.12878
271.16006 +20.09706
272.95004 +21.42826
328.88559 +42.96817
332.95538 +2.43986
46.11513 +7.60337
101.39667 +29.22284
102.84882 +36.91317
148.89293 +19.29629
149.19766 +53.15231
159.12177 -27.39344
225.17917 -48.04792
255.37253 +48.42592
328.49600 -29.28909
346.47253 +16.89309
23.01900 +39.19571
127.33512 +67.18291
132.81642 +19.34204
186.69469 +7.91900
193.13763 -15.51691
248.10374 +76.73955
248.26682 -59.47006
266.61612 +30.70475
21.32450 -1.51747
191.73642 +42.26656
218.81213 -69.73330
0.22191 -47.35680
24.19164 -14.05289
83.15317 +66.03651
109.30731 -28.91688
110.78448 +55.62733
137.75703 +13.41411
150.20697 -64.06081
273.02887 +25.59539
347.05148 +13.03362
348.97162 +5.12850
3.96906 +19.77430
5.36903 +22.55641
101.44451 -31.23040
331.44034 +16.76776
345.99133 +27.30227
7.62777 +23.11683
135.55212 -58.91322
142.44662 +21.44246
182.71344 -55.34542
242.55063 -61.26693
350.45532 +3.82856
350.84128 +24.75082
13.68832 +16.43810
40.88612 +31.78997
76.07395 +4.65138
86.13844 +79.58923
94.01682 +47.15819
121.03329 +62.98389
122.37618 +5.28068
334.12820 +36.45863
357.60303 -27.94053
35.01254 +41.70341
104.67720 +25.19681
237.64203 +28.63848
10.92497 +23.47627
181.34659 +17.88597
218.54079 +27.94671
17.07772 -47.07212
32.83055 +15.88380
36.72751 +23.79966
60.87442 +26.36281
99.12796 -37.78416
100.91393 -27.20495
127.77951 +9.49535
139.86075 -59.57367
151.24767 +79.27154
165.50789 -6.96702
174.22755 +17.88860
245.46764 +38.93242
314.75201 -39.46159
50.67152 -4.18655
58.73118 +18.38415
119.23119 +58.87814
200.73712 -50.00697
312.52795 -51.90077
351.82846 +37.22184
121.86511 +25.13314
164.88031 +75.19128
201.61826 -53.91117
225.30751 -47.98671
82.18642 +49.88341
149.92769 -31.21623
197.10201 +35.20643
268.83752 +31.84719
303.21191 +79.40642
331.32742 +34.98924
102.00043 +51.15040
111.19801 +7.19990
