153.57829 -64.90626
216.88162 +69.93626
320.15518 +1.09247
20.46319 +33.28267
35.65595 +25.93982
42.10846 -29.59431
45.16772 +32.65630
142.88675 +69.75874
209.15410 -70.92752
266.20352 +61.91056
276.11075 +20.90255
323.64197 +18.95085
7.20134 +11.64249
38.95713 +24.45726
83.58290 +6.79085
348.88788 +19.04813
9.91606 +3.53629
29.46253 +44.91858
41.90860 +16.83583
194.23334 +84.10255
208.64105 +71.27599
71.57073 +76.41890
125.36652 +3.16928
257.55734 +39.01463
328.85706 +34.51112
351.23688 +9.47506
9.78499 -14.17283
40.07995 +32.26225
85.16621 +16.46119
103.33843 +30.27765
136.16257 +18.46442
154.41603 +74.34739
178.09593 -5.67366
266.81946 +61.30898
267.73166 +17.14096
296.79758 +62.52494
319.45624 -66.42767
340.54196 +35.92759
348.20480 +9.17737
68.31496 +11.93470
78.03617 +5.46202
106.13730 +45.33783
170.44685 -4.34428
173.26624 -55.55061
217.65044 +11.87667
224.61058 +8.20837
248.78833 +46.21391
254.78607 +28.99199
337.79468 +35.37518
8.74715 -2.83964
9.59670 +29.47258
35.89206 +26.55705
58.35567 +17.17952
165.09909 -9.98247
192.09488 -41.12305
320.88901 +17.58370
331.85095 +7.03998
345.17004 +8.46775
78.35465 +20.55708
88.74472 +39.09269
128.43970 +56.81926
151.68771 +31.09772
157.46124 +69.08405
317.91187 +57.28497
344.92435 +26.20487
353.14401 +6.85053
356.44003 +29.59978
17.35808 +16.96051
40.86185 +16.66283
41.10390 +37.49208
75.35500 -44.88068
107.42397 +36.36919
114.51102 +59.53367
230.75642 -1.34717
261.33615 +60.02024
328.91776 +24.89782
7.61943 +5.86123
11.61738 +31.80903
29.07734 +4.07628
87.08165 -25.28162
155.23804 +25.36484
197.67337 +20.53678
15.16543 +30.12476
34.06015 +18.31109
64.43499 +1.56473
75.92972 -27.24533
100.19875 +33.59856
161.87708 -1.49251
174.81807 -53.55359
245.79890 +1.75439
267.08984 +54.14903
270.44138 +28.42442
0.12003 +32.78236
4.10036 +28.97652
40.86110 +41.40676
53.65672 +3.59300
128.63968 +75.15316
153.62216 +65.93657
256.79184 +34.26978
261.63031 +71.09627
359.24170 +10.82447
29.20951 +31.70319
60.12249 -49.02985
87.86227 +48.63824
97.07719 +24.29305
109.30611 -28.32044
136.13959 +51.61419
169.74501 +22.88649
197.76176 +78.41328
266.16089 +56.49608
300.61682 +1.64765
344.73889 +20.39128
354.79962 +27.11535
0.26987 +4.54060
36.86390 +24.25879
44.13690 +15.91029
158.46042 +40.29131
256.70807 +2.24423
179.37686 +32.33416
208.16580 -1.99767
30.98415 +19.66871
41.35260 +2.88053
42.14837 +12.00865
73.05478 +64.03745
243.81430 -60.93758
324.86148 +2.82711
352.16266 +35.42658
20.47954 -16.37036
26.44844 -27.91656
32.01646 +28.33214
32.66259 +41.51821
55.68673 +43.88610
177.36319 -68.69388
186.45384 +33.54675
265.30219 +45.15201
311.24619 -76.98470
51.94300 +9.11516
108.71751 +36.07936
118.29601 +9.39925
185.05966 +17.34664
293.40170 -59.78735
338.28812 +39.15572
26.12398 +12.42945
28.22473 +36.05288
40.71704 +7.59775
48.21216 +18.79451
69.26207 +16.40569
72.59679 +12.01697
103.47858 +19.29968
108.59097 +35.39877
108.84325 +36.03827
174.94815 +19.93336
351.88098 +12.38520
359.66879 -17.55886
73.78958 -16.14982
79.34544 +6.87739
154.77734 +66.71984
317.68942 -23.13514
321.19183 -42.60434
353.59637 +34.62490
358.37259 +11.31763
11.79291 +23.07380
13.76008 -13.67819
20.73791 +9.46888
40.15107 +45.65337
60.65788 +25.23283
65.25365 +40.71144
109.33523 -34.95824
136.19675 +22.02842
228.39218 +5.44749
255.48930 +6.66598
281.84607 -63.31035
287.33850 +43.06432
317.91681 -23.16160
329.64993 +12.03897
333.31189 -53.22845
72.14169 -47.81644
138.09549 +12.49800
162.89034 +76.91961
169.47908 -2.09200
209.10358 -0.24756
214.76607 +7.03169
242.78140 +38.25136
279.38446 +33.28097
1.09063 -8.04318
3.20883 +77.79539
20.08298 +16.02017
44.29973 +7.73399
54.21873 +13.40661
60.07746 -67.80682
109.21985 +67.11118
174.54404 -32.86301
232.29228 -39.25372
275.20703 +38.14267
292.33463 -32.19245
43.16066 +41.57826
49.05171 +37.17745
147.61536 -21.80254
193.77617 +79.44872
265.36713 +3.81430
