276.25577 +31.41276
340.34113 +9.74286
344.00763 +12.76664
0.59017 +4.08975
74.28897 -0.82704
160.07858 -48.56533
190.27989 -40.88780
236.03564 +72.43118
270.69061 +26.23684
18.75346 -32.24380
182.06389 +25.81143
205.59818 +29.82487
344.54144 +29.22839
29.04183 +10.79623
121.05777 +62.98161
185.53188 +23.86960
337.41315 -19.75054
92.47472 -33.59225
105.81045 +54.63312
158.07196 +27.66878
207.02721 -30.53477
231.56190 -65.07974
237.91508 -63.70248
249.47722 +6.28110
16.32909 +31.68217
17.01974 +33.45322
56.21198 +3.33740
93.10891 +44.43889
187.18329 +22.82156
262.37930 +43.59112
325.78479 +44.91850
9.73974 +25.63862
37.52762 +38.10126
115.28022 +81.12963
125.15636 +40.27848
159.43076 -44.70553
194.99838 +37.19336
239.10585 -8.93618
254.47035 +28.12851
5.38953 +22.59196
18.23807 -31.45012
35.13226 +38.52404
35.98309 +37.06276
102.65946 +45.96742
160.00682 -46.15172
205.75134 +72.33109
234.22154 +4.75793
244.28877 +34.87889
248.44472 -57.54514
279.31546 +19.97853
357.64355 +33.58397
138.86719 +31.80696
195.61656 -55.95049
314.31223 -27.61917
327.77023 +1.98706
21.72844 +13.04458
27.30376 +33.09583
157.81322 +72.12645
169.82729 +72.82401
241.81451 +69.93147
3.55277 +28.54510
44.07599 +31.89715
73.46595 +3.74183
104.08895 -62.84626
156.04190 +78.62894
347.96536 +24.01033
10.84836 +50.67671
42.31481 +29.95979
51.35293 +40.53672
265.29095 +66.67921
266.66483 +51.28136
347.58633 +7.37066
20.05447 +33.50641
161.38452 +24.15009
207.62495 +19.29767
6.24962 +6.66480
20.64593 -4.23505
58.42823 +42.00795
58.53203 +15.99004
67.78460 -63.32369
98.09790 +35.18991
104.99529 +34.08356
217.19394 +30.41293
223.42805 +3.58227
267.71985 +47.19734
348.66730 +28.55734
356.20175 +4.73561
17.78180 +33.22702
232.90341 +7.31242
241.96710 +1.40387
15.34859 +31.04083
29.95781 -7.05928
121.37005 +37.55783
121.63767 +4.57805
266.80722 +7.82661
312.04480 -19.85608
357.65909 -28.43463
21.98743 +2.14237
34.17061 +29.96712
54.98712 +10.94225
77.83263 +51.53415
110.43435 +55.38870
308.82529 -49.86546
325.38385 +17.02321
353.28900 +4.55253
31.85575 +32.95203
196.76143 +13.63736
284.13870 +51.01590
11.96979 +38.42064
45.87695 -61.13899
89.78184 +78.50967
149.05003 +75.86651
224.62294 -6.81913
268.81992 +62.66987
314.98718 -55.56196
7.11852 +23.49715
38.42718 +37.66744
41.64835 +1.44287
42.46114 +13.14536
92.70715 +35.64503
165.88580 -1.50978
217.15350 +38.99919
241.40335 +17.80212
247.03008 +52.38339
261.09583 +49.92922
344.90518 +2.34458
359.96060 +32.70236
9.02749 -32.60322
28.21092 +36.22345
41.98808 +37.56963
222.16135 -85.89596
263.28000 +43.82208
273.76544 +29.76973
316.95581 -10.40854
348.11710 -61.52133
85.71956 +69.89270
148.15120 +9.88200
257.82410 +49.98771
310.86172 -10.03180
326.81909 +10.24117
335.59967 +5.13911
5.37097 +22.50586
18.76640 -31.78389
144.15495 +48.47436
153.00871 -2.14611
159.53970 -50.15964
294.56958 -38.89476
316.51901 +15.97284
10.70407 +23.49017
17.30621 +31.97943
144.75647 +17.02522
209.01842 +38.30408
269.52902 +21.27211
31.86940 +9.16830
44.11588 +16.00817
46.64562 +7.84233
108.78479 +55.41953
109.51798 +68.34270
258.65250 +41.40948
334.77631 -24.18239
36.72150 +41.68951
150.29042 +22.40232
183.86140 -38.14416
242.82088 +13.86607
17.50492 +0.41172
31.58085 +9.22742
32.16830 +35.91954
345.78934 +20.01800
42.42452 +46.57617
67.98056 +1.19910
156.50146 +70.29032
168.13564 +72.49870
177.81300 -6.10629
236.10652 +55.66536
268.23428 +29.62531
336.66776 +35.05780
347.63922 +8.14070
26.74126 +28.75615
37.35983 +31.47165
293.30405 +39.01677
333.07520 +11.49579
345.82666 +19.95580
356.23929 +9.19309
20.67084 +3.60148
44.88413 +41.37593
89.13370 +13.52712
176.49945 +20.43893
1.82128 +27.67838
32.47758 +29.51166
37.08430 -42.76375
90.28321 -21.73861
292.65445 +43.42687
350.28281 +29.54961
9.19090 +1.88646
25.35168 +8.52546
46.02590 -12.01546
100.23067 -37.06374
125.05638 +44.23033
258.07904 -23.37200
279.98535 +40.02642
