24.58688 +7.53413
44.92605 +10.56948
120.83327 +3.05226
155.75961 -39.16655
174.34212 +25.74130
177.20808 +60.19552
246.13933 +55.91455
255.24605 -18.80663
20.79836 +33.52926
45.18328 -10.82256
45.19138 +23.18588
95.70719 +29.36611
137.34395 +15.79612
149.80423 +57.95227
262.59225 +67.32261
275.74716 +43.66069
329.85199 +10.48445
37.58965 +35.32595
69.51791 +60.67014
229.03687 -46.48045
263.41614 +36.56024
276.67157 +42.67069
339.64514 +35.34137
60.41991 +23.11272
107.40836 +46.08093
133.54085 +67.90772
183.99675 +27.44219
200.07539 -13.09842
214.41429 -24.18342
264.65182 +23.91402
44.34079 +41.93871
49.68888 +43.24071
86.77390 +17.55350
112.77936 +59.48164
214.74437 -27.21634
266.91412 +9.54715
322.84659 +43.60503
1.10210 +31.47199
17.85678 +1.64022
20.28373 +42.85141
43.70001 +41.40971
125.48451 +62.95965
187.40190 -8.43540
260.99710 +51.95852
2.14178 +55.51139
28.60127 +4.80390
30.28269 +26.84410
218.82233 -69.84528
357.25650 +26.78847
359.76437 +1.71989
19.08563 +46.74796
177.52472 +24.92008
248.53070 -61.62947
358.84644 +30.39319
20.56230 +34.66898
103.55369 +65.20274
206.70610 +14.40049
263.93369 +24.78706
327.93265 +25.25565
346.42624 +24.63330
22.70562 +41.25729
26.87565 +36.03492
43.76782 +9.11141
106.22076 +54.00201
150.39764 -2.99446
199.29451 +30.54271
264.16440 +42.08833
349.72769 +29.02323
20.95634 +33.15622
351.76746 +17.81461
51.60863 -4.20950
59.72679 +10.43418
143.08791 +10.80917
335.65094 -21.73722
349.48746 +11.34917
17.63960 -45.79433
20.08284 +30.75885
177.40260 -52.86635
265.46463 +18.28891
274.62753 -54.69440
11.78449 +30.34093
24.56444 +41.65405
29.07062 +4.64715
35.77902 +12.86499
79.05915 +6.10702
131.07741 +68.83887
142.32326 -60.00186
236.63168 +12.14274
341.50397 +10.85361
343.15958 +6.09366
350.58032 +50.15912
101.80577 +42.34389
222.09525 +18.35464
330.33527 -31.52970
2.38672 +48.13519
37.09222 +23.21466
39.24433 -5.34923
104.29356 +54.29962
225.12204 -16.83430
254.64937 +54.87081
257.15909 +47.24359
22.95421 +17.57581
24.67922 -33.02423
31.18761 +21.43451
56.32444 -51.99727
189.36685 -72.40504
193.11195 -9.75397
254.63760 +59.75473
280.77481 +43.94916
302.39847 -55.70930
333.10880 +27.20840
340.11917 +16.01077
4.20415 +29.61946
67.86641 -12.29974
112.10329 +18.40435
209.47441 -47.63170
230.61388 -43.13616
309.65887 +12.17501
322.85049 +2.49127
354.99417 +26.83425
5.95558 +39.53820
12.69653 -55.60745
103.23725 +27.63349
104.38884 +11.05389
161.49065 +75.09829
236.88626 -78.10687
249.00961 +56.04740
257.54605 -19.82021
358.18665 +33.32983
9.95256 +21.21588
42.31669 +14.52658
52.47140 -52.51509
198.07922 +70.64935
199.51483 -39.34573
319.86163 +14.05744
350.31796 +11.39734
20.42945 -11.76948
49.18749 +6.00560
193.50612 +74.64877
274.05945 +55.59100
284.23569 +17.96204
306.30008 +5.26308
355.92593 +26.70699
27.80575 +32.62484
50.64923 +14.95952
107.05095 +49.13787
258.96964 +36.40581
302.87326 -8.50958
332.29453 +13.50600
3.33920 -49.36220
31.81307 +32.95284
56.21943 +46.20194
324.02951 +9.66037
345.90994 +1.84960
95.22677 -65.01882
98.46783 -8.72290
159.17171 -27.56100
211.29680 -3.36983
62.95595 +6.45243
254.26677 +5.37200
254.60004 +58.95596
270.45291 +45.31045
0.78701 +31.03640
29.04624 +6.74477
39.09987 +7.53363
97.84157 +50.09374
196.05028 -4.89106
219.29242 -30.47804
249.19580 -82.33401
330.46402 -22.48562
92.58937 +50.78546
258.58734 +23.07158
291.99573 +34.75573
30.06696 +32.05998
30.88534 -60.85295
42.35737 +15.80103
60.32597 -52.70746
61.81009 -53.68092
137.85600 -55.87750
159.14117 +5.55365
357.89423 -28.07170
16.63758 -46.64352
41.87735 +16.11138
46.84738 +37.83607
137.54736 +23.12163
146.03978 +65.97742
323.58218 -40.82755
351.72495 +15.72518
40.13751 -2.71986
351.25708 +8.26565
29.22777 +33.26662
35.54334 -20.38871
81.41098 -31.55281
144.82106 -19.10109
157.11380 +12.70402
240.02452 +79.86374
242.60252 -64.70856
333.09277 +14.02440
17.54338 +43.10847
39.10622 +33.58115
