77.16918 +70.48003
106.03094 +29.24059
234.08910 -3.26339
244.15459 +68.20265
269.12192 +65.21334
283.28397 +57.29974
340.59961 +30.17122
20.86851 +33.33177
89.59543 +79.79780
105.76428 +39.24075
155.99231 +68.38263
248.87775 +57.48681
17.30845 +32.15134
60.66741 +14.16452
160.00410 -28.04890
198.82323 -16.48609
211.76253 -33.18819
234.56631 -44.41101
183.97200 +13.21580
326.13840 -6.52316
64.31947 +61.18552
210.61615 -33.92188
2.75340 -12.82244
17.90610 +33.35429
37.24093 +35.37209
69.33331 -69.20378
217.42444 +78.86428
284.27216 -62.31087
28.63605 +20.06492
29.07948 +5.65214
48.22784 +2.76401
67.80772 +8.51110
74.65478 +69.11752
74.97870 -18.54458
243.88005 -62.54125
290.95871 +34.79501
353.66119 +26.72343
10.72518 +32.58098
20.06584 -30.18546
33.71077 +31.47057
34.08756 +32.66652
45.03592 +5.80458
107.41401 +47.91499
169.20717 +26.54721
171.53589 -5.58592
192.55772 +7.57903
196.82419 -54.12651
264.56567 +35.53467
21.70287 +12.02414
30.24550 +8.31117
37.30809 +22.96633
313.95386 +10.50783
39.90007 +8.46451
49.29856 +37.13700
84.74286 -41.73719
171.65971 -68.34387
243.78824 +46.77454
269.21149 +28.08057
6.29218 +6.49090
78.54798 +1.87966
211.69519 +71.88911
274.48215 +41.35571
294.42667 -81.82079
315.59018 +10.97110
9.48190 +4.91132
30.64338 +17.16772
56.25409 -53.40256
88.96886 -61.40350
95.98421 +51.64091
120.40986 +6.62397
252.36598 +58.89865
334.60498 -38.03836
348.59262 -2.72819
47.10211 +34.36673
185.25859 +39.90001
348.30023 +16.77135
81.34187 -31.54352
106.66715 +23.89346
140.29791 +64.25166
32.17582 -7.79078
65.50440 -10.17221
218.90942 +73.53122
238.87900 +41.95042
270.17999 +28.71187
277.23944 +51.65104
285.79611 +73.79543
351.44922 +8.04054
358.76996 -20.88016
43.99001 +6.49481
162.58478 -17.04367
207.72331 +2.32367
234.77144 +5.57133
244.03636 -61.04322
245.28474 -61.30482
55.01025 +71.40585
65.02164 +0.21749
87.20544 +66.88403
156.64439 -2.82994
170.55530 +24.31726
358.04984 +31.46529
11.01600 +26.20696
24.69660 -31.82154
52.59906 +15.76746
81.37208 +21.85613
111.30991 +53.44606
141.41846 +73.90010
243.52657 +34.87067
251.63266 +65.54549
262.66931 +6.39258
271.75278 +52.26012
13.22267 +41.97078
29.57930 +20.96242
49.32682 +3.61193
60.55757 +45.30881
71.64880 +70.12063
110.76755 +58.09673
243.89639 +68.39767
344.60770 +26.63894
36.72565 +25.03272
109.95541 +49.86208
110.52336 +17.42076
177.23355 -69.79337
31.92771 -65.92803
32.48699 +16.03274
45.90318 +41.16603
150.22086 -42.68461
297.35361 +63.50909
325.89886 -5.36024
332.78415 +29.64415
4.23417 +27.88981
5.47992 +22.00639
33.98371 +23.38000
40.42779 +44.07792
79.81955 +5.75709
170.49294 -2.68070
210.19864 +48.44387
18.70024 +4.18942
20.99384 +33.31331
42.81562 +50.87814
45.01797 -10.82461
82.01328 -39.57385
89.04430 +41.00518
142.80424 +30.02266
159.77356 -46.27765
178.80484 +22.69521
183.40338 +46.49398
275.96964 +21.05162
312.77731 -52.71259
357.57452 +36.66968
86.42058 +13.10518
119.77736 +27.46405
157.11595 -3.24260
187.97815 +15.12394
323.74527 +1.45553
0.82181 +3.62206
119.65224 +8.24945
186.58282 +26.83843
232.97583 -49.95633
276.89105 +62.11649
11.46024 +49.67025
14.95547 +18.00805
15.09077 +19.83626
42.60832 -31.55828
68.68452 +8.14446
78.56387 +62.58001
93.01485 +51.86421
122.08573 +64.38158
241.06429 +69.45533
255.42552 +41.22936
18.20541 +37.02386
183.41505 -56.31341
326.62762 +38.47986
354.82922 +27.24582
356.85181 +28.39354
21.09083 +32.22384
32.58844 +21.38586
37.09028 +10.38214
95.49900 -64.98840
123.49545 +45.74215
146.34377 +68.60827
159.32344 -43.11881
187.50381 -5.98159
0.83527 +8.61877
8.60468 -7.59952
24.24867 +42.32332
68.54346 -13.37000
103.30738 +47.16877
112.51927 +34.02777
160.97595 +70.37349
359.90134 +14.80560
16.11236 -64.11998
66.57739 +86.19532
100.11576 +53.20800
106.98974 +54.27229
107.47073 +54.96843
111.67797 +47.09397
207.48894 +70.72838
207.62885 +24.97663
218.15976 +31.67021
344.82739 +25.91329
