22.74261 +14.10843
29.53565 +2.06450
200.07394 +33.14474
29.22251 -2.01897
34.67857 +35.46295
40.39988 +37.22666
56.53415 +45.83948
214.86092 +45.84229
268.59985 +7.38626
354.85812 +9.20755
0.23345 +20.33799
36.96576 +45.94707
38.86182 +19.65739
89.75716 -52.47663
104.92015 -17.45064
125.48779 +66.53139
143.54425 +0.24205
171.03619 +6.21484
193.98877 -28.64602
249.06172 +66.03394
308.89682 -44.37528
0.32942 -27.41995
2.60990 +28.98794
32.02062 +1.89439
51.00084 +16.18278
76.69279 +25.21425
171.23438 -3.81119
217.71222 +13.96876
227.80467 +10.45137
270.70352 +29.30718
299.21320 +16.56080
79.41821 +9.71241
124.75790 +21.18589
188.77359 -37.27776
208.70114 -19.66649
252.45206 +46.71815
256.38092 -26.38910
321.55975 +9.79798
355.34753 +16.15511
104.95841 +35.45804
255.38533 +27.94145
5.30077 +29.64601
9.82753 +3.95251
108.71070 +33.24698
168.69350 +11.12761
318.09473 -23.12434
14.42357 +33.35145
20.32271 +33.09037
46.92977 +29.59833
61.31575 +21.37333
229.88164 -47.43417
270.04901 +34.49990
337.68408 +22.54252
18.22171 -30.69402
46.44496 +22.20344
56.79631 -54.58794
71.28757 +5.47655
82.91512 -82.78294
233.77647 -45.19542
259.11377 +43.34277
339.09479 +34.54364
354.80591 +27.54860
20.27332 +33.37892
49.37153 +41.37564
49.64736 +41.66699
55.43488 +39.33715
121.37395 +37.53589
196.49713 -7.51384
266.49112 +57.25716
313.91623 -22.06411
356.93005 +27.42723
29.60413 -78.42703
43.09464 +36.73513
47.69137 -10.79624
162.10052 -3.31343
224.40819 +29.96849
226.06033 +52.49408
271.10870 +23.18908
4.99314 +19.40237
32.76867 +7.67089
79.10566 +6.34182
170.27293 -5.69642
199.14821 -52.38481
199.37874 +20.60011
247.00395 -66.79418
278.61859 +18.97433
344.05850 +19.13196
356.11139 +27.60250
45.19590 +11.77229
141.42009 +22.33002
173.53259 -9.46709
257.52130 +42.37165
272.36069 +19.11767
282.09286 -63.21766
11.53764 -55.56848
154.77063 +46.45506
156.48006 -14.72085
160.96913 -1.29449
300.22253 -38.63699
349.63843 +18.74973
350.79236 +32.52772
30.01887 +23.76373
39.60593 +1.96872
68.34356 -18.67704
114.15860 +2.88850
115.36742 -38.58456
116.29908 +12.40507
181.18286 -52.48028
182.72343 +76.12586
195.51387 -14.88289
249.12726 -64.43431
7.83530 +30.79250
29.18138 +15.01480
45.37479 +17.85286
56.99986 +40.73300
130.85883 +3.61459
204.63412 +0.54026
208.54692 +5.22720
259.68118 +36.00281
267.44974 +25.79494
270.07895 +34.63981
22.19953 +40.31905
33.43777 +4.10223
101.07264 +25.93487
122.23100 +0.30149
170.25195 +21.33781
352.47723 +8.96578
87.90076 +39.82965
126.55474 +4.59536
157.06940 +79.82335
205.54532 +4.26257
278.10864 +34.08121
299.76669 +50.80206
43.59236 +31.29264
85.08416 +11.48395
264.38727 +17.53297
277.45416 +23.01132
4.13698 +30.34591
66.15235 +31.31370
166.01782 +13.86126
188.52548 -72.65061
206.76814 +11.10622
251.96822 +36.70599
252.06355 -30.58450
15.76755 +54.03464
36.63772 +29.83063
54.80662 +15.81956
55.05783 +15.47565
190.40544 +26.07283
205.28268 +23.28197
314.51590 +11.05381
5.91914 +30.55937
24.53747 -32.85465
29.64298 -7.71182
33.44137 +19.25326
51.35371 -16.23392
75.12563 +4.38652
103.12389 +52.98833
256.67981 +52.11124
279.36111 +39.36058
295.30298 +49.91026
336.13904 +18.06573
348.90927 +18.91975
18.66058 +1.82944
223.96823 +24.71971
259.30548 +7.74129
277.20026 +50.37244
279.93323 +22.31642
298.09860 +4.33790
340.54379 +19.99696
2.60565 -46.49202
107.68446 +50.20244
152.31024 +40.35191
174.22655 +19.97165
183.15898 -32.58286
185.57288 +74.83842
269.99301 +44.85403
33.41762 +31.19193
107.64491 +49.87301
126.78271 +22.84210
177.11470 +12.72731
244.89624 -59.20255
245.59802 -61.59866
285.15134 +18.40903
288.86450 -58.23801
348.94308 -51.04341
3.56451 -31.65812
15.54472 +32.41395
27.39470 +32.57961
32.16342 +43.00736
50.89187 -16.77981
119.96684 +58.61646
221.86473 +1.97852
266.77106 +54.88192
318.31876 +8.86498
332.39337 -6.11427
10.66371 +2.73730
105.82717 +54.87538
233.51707 +22.93425
264.62808 +9.68955
