49.08879 -25.85484
223.88922 +68.40858
241.52249 -61.38340
246.15463 +39.12774
309.65894 +1.73780
358.96030 +26.84876
7.82852 +8.47501
41.17912 +19.45510
44.54131 +24.03368
108.51248 +55.04451
162.79585 -3.61436
198.67847 -4.17849
200.96834 +13.73346
209.51614 -15.74454
332.42844 +38.19724
352.00580 +40.46088
76.14816 -19.26943
181.66096 -47.34523
351.90143 +29.84728
18.16290 -33.66867
106.97160 -35.66914
132.74443 +65.63740
164.72057 -49.97345
189.95016 +12.97396
16.88049 +32.36198
41.54316 +15.95242
157.82771 +25.85357
163.50209 +49.60531
210.49597 -22.36362
240.64076 -60.55677
257.17865 +4.04990
264.43033 +46.38530
275.72192 +12.42938
18.46258 -45.40990
40.23027 +8.59577
71.03645 +8.83974
78.52882 +6.52072
218.11888 +0.29416
248.62041 +2.02598
249.75092 +51.50819
329.48611 +43.54955
63.30999 +13.35255
186.94998 +50.38788
253.73576 +17.26168
278.01840 +5.93898
332.36032 +39.21553
341.49661 +10.86750
45.30089 +16.20923
68.16051 -10.22713
79.82716 +17.43500
99.65888 +26.50610
160.22095 -46.09262
169.42114 +7.28784
69.03564 +72.90343
111.84732 +20.11379
143.55876 -61.28178
247.13904 +69.69348
281.79877 +25.80280
73.47582 +1.68254
349.69629 +9.23365
28.85285 +21.28631
53.20932 +36.21867
85.86690 -30.49502
170.55565 -6.20195
356.28580 +19.90121
95.55799 -64.72783
199.66756 +31.54289
244.07443 +64.10251
264.06784 +68.05232
19.06858 +46.74022
23.61621 +19.82058
40.96051 +32.51189
56.17009 +2.83496
98.28120 +53.51918
140.51457 +17.21246
146.16269 -0.22147
198.39307 -15.43200
206.78252 +72.07040
337.30743 +38.52774
352.10681 +20.02781
354.67661 +26.77386
262.31668 +16.16222
305.03378 +7.78368
352.74149 +17.48671
43.62665 +41.61056
67.43671 -12.14425
100.19279 +53.22876
128.08263 +30.52336
159.92744 -46.20291
173.69644 +0.23520
244.45454 +52.20221
274.38425 +19.44453
43.59867 +11.74740
67.85972 +8.16057
89.19178 +68.74329
166.89896 +22.85230
217.87881 +49.95877
218.77243 +3.55176
275.17999 +38.14734
332.16034 +38.08495
344.58829 +2.29804
355.39111 +3.72494
6.67579 -7.94678
35.03263 +30.01466
36.94326 +26.58948
51.83686 -13.74842
278.51355 +21.13166
308.91321 +8.27113
329.09277 +7.36671
340.98727 +7.39059
350.69806 +22.93679
357.95331 -34.92945
17.71757 +32.59342
161.63097 -16.65008
256.23883 +38.01957
262.45535 +23.32263
324.93564 +6.28630
13.79695 +42.22149
19.90956 +17.56463
74.80521 -0.58875
106.34864 +64.09238
126.39961 +5.11613
172.44302 +51.24577
232.31670 +39.62809
262.97894 +6.48344
275.41461 +48.40114
343.28427 +32.76356
87.09872 +50.63389
113.64268 +54.68706
346.40457 +16.45803
60.34367 +60.51085
72.42461 +63.06810
276.02847 +50.42475
291.27240 -63.68344
322.20145 +20.51087
353.92923 +20.28905
1.03686 +7.37938
16.27616 -5.33096
34.20695 +24.30208
160.80800 -8.19627
234.86453 +24.94761
242.22682 -62.75608
270.28201 +67.42612
357.18967 +4.17114
28.07017 +36.03672
57.48866 -53.48958
226.23166 +62.71536
275.51721 +36.62071
338.60532 +35.13610
356.89285 +28.43528
21.65700 +48.39339
37.84773 -57.75801
82.20757 -76.47103
96.29378 -37.34016
121.88638 +4.51653
160.36084 -46.28730
193.71811 +35.39447
239.82948 +65.23273
310.69272 -1.97269
21.59407 +9.90994
42.17432 +14.31354
127.31884 +81.05426
156.38965 -67.74514
156.44206 +66.95004
214.55167 -19.56902
216.49635 +30.47376
67.49782 -51.69834
161.66167 +72.32046
172.62077 -13.09100
196.71188 -53.08131
345.17072 +7.30305
26.12502 +51.66663
77.42426 +6.55425
100.38458 +40.16972
109.81705 +58.15488
245.75609 +3.64216
280.88785 -64.10685
340.51889 +51.13456
29.05004 +5.58857
40.47592 +5.94806
48.77230 +1.50844
60.31911 +31.73203
95.15944 +50.10840
116.94045 +6.79942
128.76978 -55.17989
156.83125 -3.18458
200.72462 -32.67044
206.20128 -36.07451
243.08435 -61.11081
262.62659 +29.31776
280.12518 +36.12496
313.96719 +74.59276
345.78644 +9.37723
17.22373 +32.51445
85.78510 -25.93752
138.06740 +66.90067
237.64182 +67.16585
278.80914 +22.49923
339.36719 +33.92319
57.03852 +37.45709
