96.84038 -47.17675
107.93764 -26.65839
158.98389 -70.20776
349.09003 +28.49038
43.94553 +6.21752
64.03671 +2.07706
109.83959 -27.58218
113.70561 +62.54605
130.92056 +65.18444
155.24062 -4.95048
244.07497 +60.42918
244.20802 +35.70177
357.47995 +28.66796
22.22254 +13.79267
60.32575 -64.89674
102.19959 -47.27114
108.36555 +35.09652
112.93450 +63.24320
156.30431 +67.29711
195.61369 -32.54282
43.10809 +41.88318
63.48389 -53.47537
114.42916 +21.63472
237.54836 +69.56007
309.54712 +6.90268
356.06696 +9.04902
78.49557 +2.30299
103.74969 +84.04186
201.99495 -54.96788
345.70078 +21.87436
159.04585 -27.45416
205.30370 +83.49817
85.93335 +16.63013
340.37286 +35.26626
355.51401 +4.31083
356.38043 -20.98050
79.12083 +6.40236
83.91580 +10.02430
174.65828 -54.83590
222.90369 -13.58597
335.05438 -15.94824
4.54393 +18.29227
27.82480 -21.46263
126.22282 +66.86944
172.43060 +51.23772
255.21867 +37.10023
276.03510 -78.69228
348.49219 +25.44297
354.61179 +26.98517
24.13601 +39.92278
233.97437 +38.67531
255.74170 +40.52464
255.78673 +46.37362
277.60599 +34.10277
32.53763 +36.70456
78.89936 +6.26517
87.51097 -25.77088
158.47850 +67.77681
249.78249 -28.98226
309.33447 -80.78114
314.85016 -4.44120
316.58533 -40.56773
353.01059 +32.42244
7.28373 +2.81110
33.73368 +36.58377
41.80377 -22.20882
112.28982 +53.03845
340.70963 +30.50279
354.61926 +26.81853
107.35347 +39.10336
111.31050 +59.40762
118.77592 +55.70369
150.68512 +79.47042
309.26791 +12.65129
317.79929 +4.39951
35.60229 +5.84650
47.73264 +45.01767
54.13606 +44.03830
188.17400 +14.05158
198.43869 +24.98244
219.86426 +11.92867
259.27707 +40.84496
289.79181 +44.16039
337.05008 +50.76646
345.90045 +9.29066
349.84354 +23.82665
7.77669 +5.07874
25.92661 +31.60203
112.69564 +62.71989
266.50928 +59.32312
285.87833 +50.77790
317.11136 +18.19120
351.64365 +2.33422
354.57709 +26.88687
114.97740 +55.89928
139.41901 -59.61732
201.40486 -27.32994
357.20599 +54.56311
10.61322 -23.62880
21.63877 +39.88107
41.21991 +41.98871
71.28017 +72.78603
103.96579 +13.90604
113.96573 +24.47938
157.47104 -35.37521
164.99057 +46.07249
315.75769 -14.26011
40.93384 +32.49566
78.61390 +6.02829
186.35417 +80.29195
355.24805 +25.60591
208.64668 +38.44948
255.33609 -11.56162
103.72758 +85.63808
107.26138 +6.92872
129.25757 -49.90838
240.96007 +41.52177
255.36172 +6.92653
331.78555 +6.48611
344.10361 +36.24163
38.47482 +9.63183
44.26907 +15.98343
78.80109 +59.94873
107.83376 +31.14470
150.84837 -37.39585
159.14906 +5.91058
174.59239 -21.09604
222.88600 +74.51270
28.03734 +39.38258
42.41216 +14.61979
46.41866 +33.39404
138.63983 +35.71764
164.00859 +2.51134
190.65555 +14.35713
211.55168 +14.71113
316.11346 -48.23949
22.58513 +10.69989
30.66496 +27.57485
44.03640 +15.79249
101.37601 +25.83063
169.57182 +18.84693
211.89578 +73.03136
237.07234 +68.22076
279.10162 +20.87041
345.90118 +10.38723
41.99047 +40.30809
46.33292 +2.38018
209.65134 -24.46900
260.84668 +36.50281
275.78687 +30.75208
357.44247 +8.20826
36.55183 +27.60340
44.12056 +6.31762
108.48811 +7.75949
110.43521 +55.67924
153.13422 -45.23702
177.87556 -11.42473
293.09207 -30.27398
305.14676 +56.24991
331.34219 +5.18388
335.89804 +11.86117
359.61612 -32.94425
16.87750 -61.33884
32.74140 +32.69944
39.70010 +2.21743
193.24686 -24.05718
288.99060 +72.77415
324.95203 -22.58424
35.05714 +8.20545
61.46098 -70.40903
68.27736 -13.59926
70.15491 +0.50482
81.42365 -31.53649
164.93825 +17.65030
179.70117 -55.31684
268.11148 +7.48892
307.04059 +0.47325
40.92993 +7.69147
60.41965 +23.20630
86.81210 +50.64039
113.11444 +10.90447
127.50118 +70.83114
165.18768 -14.05480
254.98000 -18.73830
256.79996 +39.01193
358.83896 +30.38515
6.62175 -62.94118
36.88811 +23.05988
135.81360 +78.56297
156.41740 -3.58995
231.75891 +26.70515
245.08148 +1.74027
319.19534 +15.05821
19.01741 +37.64852
29.24118 +35.94579
255.59224 -26.67416
350.11136 +1.56029
350.51886 +13.03571
35.38581 +39.35680
48.81080 +41.98068
