97.27110 -36.31587
113.70822 +57.91138
199.91373 +30.25637
274.92172 +7.31661
277.79736 +19.20404
308.99100 -21.82468
36.43965 +24.77781
47.44512 +46.60118
128.91600 -54.71870
15.95963 +10.59021
112.28088 +6.00919
117.41013 +61.44838
141.97644 +29.79179
264.56296 +28.45539
334.62537 +4.27464
345.27362 +11.03216
350.74292 +29.23461
200.60954 +21.42577
241.41173 +3.07276
336.06757 +5.36081
246.45157 +55.36063
279.95807 -62.95604
350.29083 +33.39954
46.52421 -39.02040
93.41654 +69.72924
160.26917 -46.36890
168.28287 +5.07272
216.24428 +27.81742
236.29814 -66.29025
349.41183 +9.43326
349.80087 +22.43544
24.07692 -13.69605
54.40874 +3.11879
122.43407 +25.88167
167.83606 +5.83027
189.04498 -55.00980
252.35085 -25.74475
263.40811 +72.97015
264.14749 +50.76588
320.22824 -68.02206
344.53290 -3.78878
347.46860 +7.51573
354.59485 +27.15821
20.45799 +18.26758
40.99353 +5.43860
48.54200 +16.48541
166.49338 +8.35801
193.48326 -9.20652
258.32892 +37.81987
276.01004 +65.30626
317.17297 -43.51143
41.72517 +42.67043
159.66820 -46.24785
354.70874 +27.21505
0.06772 +32.79260
10.14774 +1.67220
32.98922 +29.31388
35.21811 +16.35381
36.68375 +19.39629
60.29645 +5.55169
103.23242 +27.36600
103.36275 +77.40941
197.05156 -54.24499
259.42654 +24.21214
278.52054 +51.41352
348.64285 +6.55642
353.76050 +4.80371
24.23379 -13.94402
61.10731 +6.78507
105.72501 +10.61039
107.68768 +50.08142
138.86293 +77.00075
206.16258 +30.31874
284.52823 -49.01129
337.71198 +36.56312
72.95522 +8.84397
130.89746 +64.25804
162.77802 +76.79628
176.12390 +69.72980
208.43228 -52.93267
296.52264 +64.14713
314.56989 +17.83555
324.02777 +7.93945
359.92212 -6.80691
73.46490 -18.78947
223.68533 +79.29636
259.82803 +49.96156
265.94308 +56.80409
297.91434 -83.09888
340.12595 +3.35854
18.52812 +38.12259
87.57378 -10.29766
149.80809 -19.85225
6.84220 +39.83785
32.65678 -15.77359
39.90236 +36.08125
69.97005 -44.28822
77.88676 +20.67093
108.29421 +6.61886
154.41917 -5.68374
195.61357 -54.32950
220.16243 +38.63774
327.43597 -56.71972
25.64986 +54.29257
72.77731 +12.92540
267.39148 +16.67939
351.76245 +29.11351
41.45552 +3.23101
51.25386 +2.90753
104.96460 -36.80126
119.32881 +58.52090
243.39284 -61.81545
274.93378 +48.56119
300.98886 -55.99816
306.89069 -55.09035
350.09259 +26.44527
27.55142 +27.19618
104.94863 +27.56876
107.36482 +32.98940
108.51969 +54.98751
146.53421 -63.27247
172.63116 +51.45592
259.72537 +8.44084
21.46436 -1.31810
184.54410 -57.04367
185.20195 +5.63976
293.32642 +34.98105
352.15259 +17.27108
42.51886 +41.38927
56.62429 +15.41220
91.08771 +48.42179
155.46909 +23.86078
53.77690 -55.09216
118.35964 +50.22832
120.50150 +56.91775
189.82735 +28.90425
193.72075 +73.17845
261.50656 +39.31949
286.93253 -55.30942
322.04520 +2.47427
322.37625 -23.11556
325.48267 -20.78548
359.36688 -30.46123
16.59187 +6.28246
44.75364 +6.26827
172.07359 +2.65394
342.58130 +11.53124
24.74683 -29.92431
31.42950 -71.11546
55.03347 +39.60843
70.81613 +27.91245
86.07648 -79.11973
95.37453 +51.11086
192.71715 -14.49189
235.73090 +70.82812
343.37268 +31.64505
4.42408 +24.66722
159.38022 +72.00462
169.64522 -2.11227
269.82892 +44.29900
15.81073 +8.82577
44.22221 +5.87225
60.35102 -51.42540
74.11948 +22.00891
93.77416 +0.19217
140.54416 +65.32496
191.40948 +74.48150
194.93210 -53.83377
41.49894 +42.54226
201.12009 -30.43148
214.86322 +72.53491
219.47256 +69.01448
77.35024 +8.80519
97.05222 +35.46706
100.26762 +25.36916
196.53461 -31.71982
292.69836 +41.30362
316.61832 -48.12104
63.26215 +75.00603
63.74388 -54.33624
66.88583 -54.19669
119.60634 +8.14475
129.49091 +39.89632
159.01775 -27.50886
344.74420 -30.49394
49.58726 +41.46354
127.33662 +55.51889
157.61841 -3.19519
230.99767 +69.76217
255.91588 +9.29730
280.24887 -63.65648
330.16458 -28.20685
58.81117 -52.33350
117.44538 +61.35501
255.29124 +20.67334
262.98242 +71.84045
308.15912 +9.91636
45.85888 -15.66189
117.29095 +55.60465
230.28177 -13.70832
