250.27222 -66.59677
251.71016 +59.09346
273.93240 +61.69788
312.18533 +16.71598
343.98059 +31.67158
38.93077 +44.07994
41.69949 +42.04064
66.15316 +9.69211
155.94717 +53.09937
181.62688 -53.85943
195.15469 -22.18859
323.73776 +20.60110
336.79947 +31.50516
354.49075 +27.26445
29.76460 -61.86237
67.67893 -53.70447
159.41608 +71.99243
166.01410 +49.82170
219.26001 -54.04392
245.58493 -61.35854
171.23334 +13.22535
178.32077 +23.46456
191.79874 +26.71346
207.27304 +68.81283
262.79236 -8.45284
20.25571 +40.44648
75.64357 -44.74097
175.80534 -12.76471
21.57614 -52.65235
85.81094 +16.50199
195.02116 -15.36514
196.86824 +26.72549
293.50006 +50.01680
300.48010 +49.15060
5.65860 -48.58113
44.65746 +6.17587
105.97897 +53.66719
169.82483 -54.94891
178.29572 +20.65883
327.96216 -74.99034
355.66006 +27.09185
3.81379 +29.36283
6.45327 -62.32998
100.10178 +52.00608
121.63858 +61.07327
161.40205 -48.28874
265.87076 +49.09797
307.04199 +0.49136
346.56155 +31.88549
30.33757 +55.25203
54.20957 +21.12700
96.38223 -85.69850
107.31611 +49.82031
160.87062 +80.89104
208.53468 +30.83457
230.44318 +68.88670
326.46429 +9.47532
9.92981 +9.00525
24.39910 -42.54562
73.48705 +3.59346
113.92301 +11.61203
114.30594 +35.66802
279.64175 +17.03962
354.66165 +27.01134
356.00476 +27.71555
29.96586 +7.41182
204.99069 +30.10769
251.02521 +62.08734
347.49951 +6.78972
17.76691 -32.17066
43.21612 +13.25641
230.35962 -18.22534
9.08049 +25.80743
27.89023 +33.21654
63.70202 +35.18103
125.49439 +73.99803
351.37357 +9.86887
4.22381 +27.84813
14.42362 +43.79255
28.48730 +36.64122
79.59196 +67.73164
85.63705 -49.61678
94.55920 +50.71428
223.35619 -4.69787
320.27878 +26.26701
95.35418 -64.91895
267.81223 +15.81979
43.46366 +41.72747
51.89432 +8.99516
136.46742 -55.38205
164.53807 -69.65006
16.98350 +2.54587
111.27856 -63.53399
152.77805 -49.12800
178.95737 +25.13147
343.45047 +20.21044
12.77571 +29.53762
40.26258 +8.74695
73.56918 +1.66741
90.99091 +8.65402
126.49171 -11.77901
182.66496 -52.42699
190.23737 +71.77106
274.39749 +7.46572
11.56346 +49.48247
16.79837 +10.83690
61.04029 +22.13171
68.48773 -13.46245
84.33031 +9.89395
126.98286 +4.97827
188.95988 -72.68117
220.27669 -8.87521
325.52686 -4.21499
89.42241 -51.97021
103.64619 +50.35249
243.83896 -61.90259
256.62631 +14.13925
271.95477 +35.88348
302.11398 -56.16183
38.65076 +29.96503
107.90912 +46.93578
206.86337 -32.81941
228.52580 +4.22219
263.30234 +70.77493
331.12299 +12.44263
340.10681 -71.24098
355.32315 +70.51037
15.87846 +32.31569
67.60637 +0.47107
68.42813 -13.33992
107.66869 +6.45371
321.25421 +12.44104
339.36649 +35.52599
2.36937 +47.35583
71.35659 +18.41805
113.18522 +18.60496
120.53400 +7.67313
198.87538 -55.88793
213.13014 -7.00615
258.87546 +43.75245
342.40625 +12.00613
28.34915 +36.01216
155.19366 +53.96844
157.06551 -50.51721
197.08711 +73.57205
287.51135 +28.95467
41.74327 +41.77598
44.44758 +6.02767
267.96991 +49.54440
294.37329 +6.35907
339.14880 +2.39669
20.37662 -61.35395
33.27667 -50.50761
41.89808 -25.14663
94.35515 +28.12111
105.74597 +18.53816
113.65308 +57.51643
194.34901 -39.31001
195.29689 -22.27309
330.84674 +42.48072
350.84390 +13.31928
9.93672 +33.15814
28.80823 +35.45856
57.13918 -54.33508
60.49947 +20.24046
201.46350 -27.62687
282.20642 +18.55410
9.63388 +23.61332
23.88190 +35.66875
30.08158 -1.36974
106.22221 +10.48396
346.86783 +15.36653
44.63037 +40.86084
46.87406 +47.51616
93.71361 +28.45841
97.66702 +51.86370
108.08223 +26.07141
126.89850 +64.22801
250.71846 +51.56582
270.25287 -63.80514
13.64928 +42.27610
17.68461 +33.55840
33.47630 +31.86200
177.98846 +46.81704
198.04677 +35.66968
222.66415 +42.74092
253.67534 +66.49475
279.34213 +59.64299
349.80991 +26.05554
25.86918 +30.60123
266.78406 +20.86051
267.50558 +60.09228
5.55638 +22.48305
16.48330 +32.41213
63.21432 -74.24892
209.41597 +25.77369
267.86624 +21.80949
35.60525 +17.66924
67.20336 -49.49160
75.88838 +6.65736
