97.96239 +25.01168
197.09369 +21.78686
301.88861 +50.68822
27.02944 +36.45318
33.17649 +13.96938
67.68793 -12.62731
77.56040 -0.71982
85.64442 -55.43856
234.45154 -47.42181
245.32385 +51.55702
250.06006 +23.76530
279.24780 -64.30161
354.50049 +26.45946
1.55929 +8.88768
9.94273 +35.85223
27.27404 +34.98312
142.84262 +67.78183
161.12228 +79.12849
168.58099 +31.43959
255.65775 +43.27115
326.89725 -6.45506
335.86099 +18.74099
349.16064 +15.89757
72.00706 -46.13846
107.66115 +50.17726
165.56131 -52.96591
278.40717 +59.88968
295.31900 +1.87295
355.09668 +6.24959
44.76825 +32.63052
51.56417 +38.06500
139.28268 +17.40993
225.62540 -51.20647
234.96951 -44.59422
331.21191 -58.11237
340.82666 +33.99917
347.54547 +29.91540
348.76370 +13.15762
44.96785 +6.53291
49.26859 +15.48452
78.68896 -14.44865
115.26714 +54.43053
151.98851 +77.00419
175.68233 +8.97422
182.37698 +48.90036
229.60837 +72.92545
230.38896 -7.44768
263.83694 +68.09886
43.92792 +6.34842
95.69019 -65.16494
282.68588 +84.58278
358.73575 +30.21144
24.55783 +36.60938
151.34087 +19.28622
251.59085 -31.12045
307.62805 +1.86641
329.07312 -29.27357
25.17435 +20.83989
39.31877 +7.33582
60.15477 -84.36672
108.48555 -28.66911
319.46448 -22.83890
55.53075 +4.23319
274.52490 +39.82525
11.66124 +36.33135
23.88048 +11.95343
36.68792 +22.75126
39.72226 +10.29452
72.30257 -54.39865
80.46169 +52.83801
108.90105 +26.16196
197.12527 +84.63046
252.67815 +4.60504
308.67642 +7.98942
308.35703 +16.07567
355.59634 +27.33186
4.34882 +18.08417
4.64313 +30.03627
73.65896 +69.71493
166.10707 -4.25365
194.54501 +71.42014
208.18704 +25.03996
242.92674 -59.99883
275.76721 +29.90139
354.33371 +26.87795
356.27585 +29.06391
82.32497 +55.78199
110.01844 +85.58721
166.68088 -4.74343
221.36586 +30.42894
321.79315 -23.01816
359.40689 +18.19092
31.21149 +11.42280
47.83051 -8.90241
51.57468 +4.54105
122.12049 +11.17856
170.65492 -69.44238
346.73492 +5.96153
12.22426 +9.71691
18.60944 +42.55629
28.14788 -16.51779
38.30967 +25.50611
137.37730 +45.95230
144.18968 +31.07549
175.98959 +19.95375
207.69450 +2.30701
270.92496 +67.05202
281.86224 +42.99263
317.44498 -43.57712
20.78113 -32.68296
61.40389 +11.30197
75.79794 -20.31673
239.59122 +2.96250
304.92365 -39.28860
305.02985 -19.70757
340.45312 +37.71920
145.53085 +48.15490
172.76427 -9.61901
244.57129 -61.19502
260.99313 -80.06407
311.84818 +13.08591
44.64338 +6.34417
246.30449 -62.05498
255.28688 +6.85758
260.12637 +52.64300
332.26212 -75.04885
3.63271 +10.77464
39.25880 +20.42743
39.90218 +42.01537
176.36104 +9.16073
212.43941 +78.60109
216.57382 +26.24611
315.49316 -13.17294
339.64487 +35.42754
0.12939 -50.15420
133.14722 -78.52038
178.43640 -5.42673
202.44040 +33.35261
210.83711 -41.37771
280.71188 +39.54906
301.68964 -1.74163
44.34803 +16.09520
75.64374 +0.24481
78.94906 +6.32291
108.36246 +27.51383
153.30214 -5.62900
207.06628 -30.57522
231.82372 -65.64847
260.66254 -59.50727
340.91714 +6.12194
39.25108 +25.62534
139.37930 +41.99408
187.68649 +57.30027
198.40286 +78.24172
282.60886 +73.34541
73.19238 +4.39225
335.99783 +8.90292
30.74544 +45.02376
36.56041 +37.29199
55.22596 +15.63395
193.27713 +36.81960
194.48204 -53.31878
195.07518 +80.06868
202.94678 -36.04597
234.48911 +72.55427
247.10423 +41.16853
253.32161 +81.64763
62.30537 +71.72509
74.08866 +11.03540
91.68732 -67.11726
115.68851 +66.25835
167.57773 -69.24206
274.18161 -49.79847
117.13148 +65.33660
124.36044 +64.54610
190.24350 -36.73189
273.99271 +13.78534
9.03878 -7.69844
34.71355 +33.72437
41.50490 +28.02804
42.14902 +14.26525
241.57652 +2.17053
321.48175 -22.76008
349.10364 +24.49703
355.27655 +25.16906
359.86972 +1.58333
35.82972 +53.39299
194.37505 +28.18715
212.17186 -55.23511
335.37000 -22.26263
347.41367 -72.02599
354.00623 +23.03847
356.44757 +27.33921
38.16866 +18.46593
98.41572 +40.68780
176.28882 -71.84079
176.98795 -11.85232
210.07674 +5.04505
261.81760 -59.94914
279.24350 -67.27415
