30.47046 +23.55151
128.59787 +32.43483
298.48590 +2.06804
2.11731 +10.20552
40.44887 +8.38473
176.46588 -33.54841
182.12924 +69.54483
256.24277 +9.93091
312.96451 +16.22002
320.31790 -46.15279
332.31305 -35.10154
335.73196 -65.80289
67.20788 -46.96511
68.21124 -12.90984
79.19587 +6.49825
106.23123 +24.15559
158.81070 +11.92405
240.70985 -61.16868
8.37838 +22.90287
12.66477 -79.86738
215.39743 -4.54715
254.98764 -11.11086
270.51526 +29.10582
19.05248 +25.19163
37.29050 +6.85875
63.90189 -52.60116
124.49476 +2.20259
151.48305 +58.44899
237.44005 +28.54711
294.65997 -56.45792
334.15506 +3.41289
341.55521 +10.16077
348.76120 +1.43555
1.48834 -36.11369
27.82825 +34.87287
47.38278 -49.59624
315.93118 +16.04962
350.24298 +19.31805
2.51257 +28.15031
33.05737 +29.72658
109.86903 +55.60896
164.69527 -9.84520
174.79176 -50.66896
244.93694 +38.23447
273.40518 +76.34135
17.37407 +19.86493
232.84265 -87.43782
252.73418 +59.71891
301.14050 -39.11996
43.33689 +3.82620
44.46096 +6.05220
50.52222 +42.17030
58.41099 +40.88912
65.63682 +85.83800
120.75086 -58.70579
228.12914 +65.89012
311.42148 -4.95011
359.28491 +12.45759
16.94656 +32.30986
19.18237 +16.39997
109.63264 +27.15799
240.35785 +71.39877
279.04208 +38.16046
34.28027 +1.28245
53.24620 +15.87459
237.21790 +69.64415
265.06839 +51.05692
5.42660 +22.31088
38.59836 +45.00281
43.73367 -21.89818
44.29205 +45.39518
73.42921 +64.46972
75.38071 -22.98266
99.23610 +19.32232
152.75040 +9.84691
195.65706 +50.43839
359.27661 +29.83905
21.51260 +11.44298
25.66075 -4.86148
174.45442 +22.02615
196.79961 -57.21009
255.21480 +28.02224
0.66626 +8.73699
2.73749 +25.55990
14.97205 +31.82700
37.12638 +38.35346
51.91601 +40.89687
133.40329 -10.66757
208.48666 -53.90425
344.29135 +8.50563
356.81369 +32.78275
34.45592 +35.80680
78.20411 +2.71868
209.65114 +13.48288
1.55569 +54.53201
2.80799 -33.38044
110.15785 -1.57555
347.27472 -61.43842
3.61269 +28.51400
33.90801 +1.66198
38.63736 +33.94192
111.08167 +32.59118
165.04767 -5.38148
177.41875 +48.42598
196.57645 +10.37684
226.78265 +65.93495
7.89931 +14.61232
49.01611 +15.58785
92.40388 -20.10290
110.34189 +55.79853
281.38184 +40.68196
294.18942 -32.56561
323.14529 +2.69524
330.59518 +18.31872
1.06264 -50.64602
27.44458 +11.70137
45.58380 +41.98482
110.57378 +22.04528
174.62610 -8.97615
200.39136 -47.84458
260.63425 +38.49561
284.51456 +43.93584
296.90048 +49.82454
328.44473 +10.05195
347.28918 +7.50710
22.10190 +16.45932
210.68066 -54.49863
314.64151 -49.29137
353.43860 +25.78646
37.71978 +22.38276
45.04390 +18.90269
106.47017 -37.25290
164.25920 -4.26433
239.26437 +63.84083
29.20798 +4.02561
71.39612 -16.02136
116.64985 +44.80468
158.93620 -27.00019
227.57030 +1.93340
235.80945 +28.35627
340.13043 -74.92196
40.29200 +8.44238
68.95191 +2.25827
105.27087 +51.26966
113.48794 +14.98548
128.77553 -3.09653
147.51662 +31.74597
195.51706 -7.60318
205.55212 -5.09186
300.90240 +7.00025
330.80286 +4.29758
36.43834 +37.23172
44.23380 +41.97870
14.91533 +29.33744
19.95174 +32.76793
89.67080 +51.59916
132.65733 +40.25135
255.39134 -28.20142
269.53806 +3.73473
330.53983 -30.45863
331.78278 +67.69053
352.01743 +24.82171
9.87299 +29.76255
109.92694 +55.40787
185.67401 -54.35440
254.56453 +39.39150
311.40674 +22.74357
8.08014 -24.73339
137.12465 +35.61491
350.15527 +16.20897
14.21382 -63.48104
31.90632 +2.18073
117.00409 +85.55186
159.40096 -52.56980
186.03099 +6.60748
241.99863 -39.97475
262.48334 +24.88383
264.94009 +2.82789
271.43964 +34.75132
291.65585 +49.75844
333.52621 +13.48694
337.11414 +19.50806
358.06772 -29.44772
28.93224 +17.99874
40.05801 +17.88257
229.37408 +7.86168
263.32016 +43.62922
20.11736 +38.15560
43.56896 +42.72592
85.33567 -26.25927
178.92725 +80.22388
340.70779 +32.99363
351.14334 +9.26725
358.40695 -18.21461
27.50008 -6.48785
83.81850 +13.54864
172.61673 -8.10265
243.10081 -60.96955
254.47038 +36.40870
117.43020 -38.18864
