123.66203 +58.02330
125.89266 +21.34766
177.75934 +20.79972
0.51302 -45.35804
7.59891 -48.68461
13.84455 +30.48720
44.04115 -13.68782
52.29292 -22.02126
68.81445 -54.31589
250.27849 +62.39987
21.00938 -38.63279
28.05294 +36.09732
29.15343 +5.80414
202.48170 -54.66367
223.34215 +63.67179
311.65674 -2.36381
343.90408 +19.17451
354.65106 +27.02965
356.83780 +1.93356
358.12509 -28.34248
45.30257 +41.71770
97.26829 -27.32740
191.01439 +28.90105
243.76181 +61.78205
268.66376 +60.81791
274.03903 +42.65633
329.89240 +9.40470
340.41135 +2.63933
348.41879 +14.02094
359.00809 +7.52316
96.20320 -37.35577
155.15718 +57.20751
349.26404 +19.14120
355.99036 +2.74539
36.32272 +4.44348
38.44576 +30.18940
50.07184 +39.56127
79.23373 +51.53236
215.92046 -19.44388
320.93924 +79.89358
349.83975 +19.02116
7.64251 +13.36629
36.87913 +21.98433
38.46158 +11.20349
84.05845 -16.67085
88.68203 +37.46030
118.86517 +23.74741
151.22607 +37.35879
167.82515 +35.38558
229.18781 +7.05561
325.90649 +2.63505
7.32727 +2.87043
31.49249 +14.91951
46.86688 +2.53060
214.80057 -26.82836
217.66968 -28.67310
25.09108 +37.20819
39.33440 +7.43981
251.87231 -29.31849
354.55435 +32.33507
61.18385 +2.42530
115.10350 +14.81741
255.04765 +28.27948
21.44874 -1.34453
28.31141 +36.33400
79.15157 +6.48858
80.43732 +16.83153
91.78688 +64.67333
215.75879 -17.68499
247.28461 +8.09024
285.76443 +63.83329
348.94043 +1.02782
97.18748 +52.57124
144.64212 -63.97293
204.38322 -53.32268
32.48550 +38.17840
311.39145 +57.09621
326.21716 +1.53673
6.81763 +39.79235
36.30865 +20.95526
49.06729 +12.93172
128.02997 +3.63537
244.95061 +5.16163
22.08516 +39.48871
65.93758 -23.08270
68.62152 +71.46722
228.96083 +69.27356
38.61549 +7.74055
127.62153 +69.02838
127.72588 -30.09796
173.45778 -4.21897
200.80785 -57.15527
238.96530 +39.76706
254.31715 +27.84963
313.94714 +25.79973
351.99490 +8.78282
90.95146 +43.52827
125.43358 +4.54705
125.45393 +56.28991
243.54428 -60.74218
269.59207 +9.68986
279.21744 +51.53074
59.24226 +8.51351
95.03170 +28.17726
342.20331 +18.56319
220.55577 -6.20053
254.68365 +27.85919
336.56897 -4.34139
41.37404 -62.12506
137.79056 +19.66748
174.19069 -22.22229
281.32526 +53.00326
28.08015 +31.53736
83.84086 +2.88831
170.21045 +19.37399
282.93143 +26.55486
299.58786 -36.41191
307.45486 -2.02896
21.55221 +33.40511
79.82825 +1.33467
92.73025 -33.73854
172.77957 +21.28020
265.30515 +60.44975
334.76715 +33.32944
19.25531 +32.67036
103.31535 +59.95938
144.57854 -39.01448
324.10513 -15.04299
327.77240 +2.77378
351.60281 -39.21598
7.30168 +2.87262
163.78142 -2.89075
250.28249 +2.63451
260.63553 +8.35612
5.35830 +29.62949
56.23270 +5.90518
97.70733 +29.42308
116.53814 +10.65987
159.12109 -27.48402
164.52386 -4.75913
200.21812 +57.64476
240.98201 +14.90250
248.81424 +52.78040
19.37213 +14.70251
42.46247 +41.56810
49.01187 +42.92154
104.00175 +55.40077
120.00571 +8.00620
164.77824 +1.88120
242.99788 +61.17681
243.28452 -61.42575
86.03307 +4.22278
112.12839 +56.82859
196.95961 -0.86830
334.91174 +35.52362
356.13690 +8.82966
36.60690 +22.99595
108.06300 +7.24101
111.65401 +33.82382
114.86713 +55.55029
182.63583 +0.67754
216.33571 +32.48233
225.84218 +10.65599
278.39035 +40.04893
286.15399 +49.64164
314.11481 +12.04127
354.56088 +7.80839
29.50526 +3.45450
41.74026 +39.01265
94.06961 +69.17374
107.97294 +5.61510
300.50555 +53.79842
324.82275 +10.33393
342.20261 +33.23626
0.18332 +28.40145
34.34114 +9.85167
152.57640 -40.78904
247.44701 +8.64423
328.64221 +44.39759
357.82709 +27.29358
10.74160 +27.25369
151.58199 -1.81121
210.59715 +38.71035
225.03580 +14.21268
311.28091 +13.39661
330.76810 -50.44194
353.20581 +27.06575
38.32678 +1.32022
53.58150 +39.59395
14.48076 -2.42789
44.08649 +9.66623
79.42908 +6.51554
91.29472 -49.29976
109.75708 +52.87675
180.13074 -21.32181
341.90585 +39.87911
44.81714 +6.13355
68.32790 -13.51315
98.41650 +40.66693
314.23605 +6.81770
