337.83871 +39.36830
50.69490 -29.26532
151.19565 -48.74110
228.89973 +69.31581
251.72493 -77.48871
20.64347 +50.05499
44.97235 +41.54506
68.20620 +14.21476
96.04764 -37.24372
104.29352 -62.81952
120.52125 +56.91666
142.43283 +21.43395
198.89590 +62.12467
201.82338 -27.16719
315.37933 -49.39413
100.89970 +57.62006
180.13051 +31.94760
311.89767 +20.80513
340.21780 -27.18268
20.39520 +33.60035
78.66195 +6.46030
276.57971 +32.58888
347.70917 +9.14430
54.83738 -55.08798
82.60912 +16.99723
102.46384 +28.37107
151.64339 -32.85621
303.93152 -21.51628
339.21417 +19.47156
76.42048 +4.48018
77.42236 +19.81958
164.73840 +1.43698
231.55380 -30.20135
279.71637 -71.78918
336.23050 +9.51605
357.87485 +27.23624
16.77469 +32.34813
32.80748 +25.81084
108.03736 +41.78247
230.41806 +8.41555
353.85880 +7.32214
358.47894 +23.06891
1.19095 -16.03060
51.92805 -17.00571
78.08906 +16.51389
88.93620 +85.91471
185.75854 -13.22368
197.34387 -56.36687
283.59763 +24.65216
19.05168 +33.06412
164.52003 -4.09406
222.80162 -20.44075
232.39349 +82.42182
332.89975 +10.89197
335.93756 +11.83579
354.79648 +5.48444
54.14171 +72.09581
78.90255 +7.19876
181.42648 +8.98947
106.19587 +37.07195
114.97999 +75.42479
221.88885 -19.32990
25.27864 +38.64709
107.36823 +50.15250
112.79075 +13.05960
133.72922 -55.89150
248.67334 +46.39217
259.31766 +38.89695
326.04285 -30.00267
337.20621 +51.05579
345.63794 +32.59432
44.51408 +35.25768
79.39738 +6.59464
129.15076 +25.13696
206.11833 +35.19232
246.13127 +73.33694
130.74071 +64.61292
316.01074 -68.24490
17.06987 -46.75404
125.02158 +67.43616
184.37625 +77.27903
268.82278 +66.54030
15.18950 -40.10553
40.28470 +8.21658
154.94044 -50.04608
199.71201 +72.76556
201.16682 +32.56313
221.35216 +38.77989
242.93890 +60.16469
247.18944 +82.88907
263.72971 +20.59373
283.79526 +39.96636
333.56839 -27.03937
354.67514 +9.05728
2.93793 +28.49899
6.80946 +20.07222
55.29165 +15.48358
79.40218 +9.71720
107.53855 +28.29437
117.04572 +28.23030
180.43713 +20.32823
246.86926 +54.69011
276.52988 +3.02715
1.64026 -50.51980
4.65935 +7.51774
140.82057 +72.06361
312.43570 -51.94958
16.39426 +31.97127
56.16208 -59.18658
71.65556 +0.62090
72.65614 +6.00883
126.18668 +61.54335
140.86151 -63.67918
176.60818 +34.85257
193.61247 -14.70222
246.93831 +38.40681
316.98752 +59.17976
354.61243 +4.80141
9.53035 -2.71792
169.40373 -3.17086
187.34372 +11.43383
196.67029 -41.01561
224.09459 -69.50532
283.00137 +55.72499
353.39465 +4.46604
5.70776 +6.81738
82.20628 -14.35622
223.82440 -6.04013
252.93903 +81.59169
293.36902 +62.08818
315.40308 -28.05654
342.34744 +40.23285
65.33335 +0.82950
65.84772 -15.74434
157.48701 -3.25110
184.71205 +7.86189
239.72246 -66.29847
242.64505 -60.49667
319.71921 +5.84964
44.84045 +39.67477
241.41666 +18.05575
32.65726 +5.87005
180.48117 +6.68442
341.57791 +15.88444
355.99054 +29.11534
79.93706 +4.65787
93.29528 +46.49633
113.87192 +11.71792
147.45770 +38.83814
251.80659 +53.56116
259.43396 +40.69780
352.21518 +50.00367
277.27078 +6.55307
327.94739 +3.01704
327.97665 +42.90455
334.30331 -48.47359
340.85944 +8.68501
13.06247 -27.32825
13.14784 +11.79756
34.56321 +13.20438
104.91022 +41.19365
265.79889 -5.63382
313.55267 +10.54979
31.60815 +3.70598
36.05982 +3.26855
45.42259 -10.91167
52.17967 +16.21574
80.08426 +9.62229
126.88319 +2.88547
134.52417 +12.99202
147.42270 +0.62125
181.85547 +16.88909
201.86403 -27.49029
207.23653 +74.25003
210.65150 -53.09760
314.35901 +7.46732
41.41764 -27.92830
94.34729 +66.53342
279.10098 +10.31293
37.16634 +23.79646
267.42868 +60.37178
291.10938 -32.22404
332.56171 +36.65533
349.90564 +1.47872
75.89268 +4.68026
192.70706 +77.31478
251.58615 +81.42834
351.63608 +2.32008
354.10828 +27.39839
118.32513 +8.92170
140.62311 -61.59031
185.01859 +75.49739
228.39844 -48.47766
245.73582 -59.49434
261.94583 -62.03181
274.37363 +18.90363
278.66211 +32.53360
43.33971 +6.53948
108.73522 +0.75908
133.86604 +42.02413
