215.24336 -22.75661
9.48952 -9.25258
68.22054 -13.37597
72.29678 -62.35971
125.32272 -25.77506
172.77612 +3.13082
256.27863 +52.70616
257.30057 +40.92259
59.68469 +27.76949
86.96971 -25.14960
349.49097 +18.75216
1.83269 -7.74077
14.21464 -1.27243
32.62874 +52.29631
102.90398 +15.37981
110.29944 +55.04143
140.29459 -29.91488
188.20007 +37.62178
235.98778 -33.93430
264.67300 -49.23995
322.63773 -69.55159
352.95139 +24.73505
23.91048 +35.46700
28.87272 +36.56188
35.15023 +35.33384
269.17941 +65.26302
352.61252 +30.22189
9.62327 +1.71029
44.13567 +18.69648
48.95989 -58.57425
104.68178 +28.38297
219.55347 -52.74797
247.47023 +24.44384
352.87027 +32.48172
357.83701 +49.07842
357.96844 +29.26239
14.68715 +12.74837
25.31454 +34.81147
41.56135 +39.35802
52.96849 +2.28220
61.31796 +39.23363
164.47321 -4.90494
181.27289 -5.54482
196.04424 +78.38799
233.78172 -39.18983
253.35037 +4.23627
29.77501 -67.87014
31.22417 -52.11105
45.64043 +2.19453
216.74815 +26.86395
338.70575 +18.63850
20.54132 +32.21590
20.90842 -32.13673
71.80584 -15.92314
358.61060 -1.93290
13.67845 +21.52263
39.73871 +35.60171
75.76769 +0.25525
111.13993 +55.60000
128.86069 -25.80383
155.64337 -5.61884
228.26411 -46.17922
282.10953 -57.18373
292.81772 +42.19885
9.33839 +29.14933
263.76141 -8.58014
38.10895 +39.40760
101.82065 +25.96569
161.78566 -2.35889
205.43228 +55.67380
273.41156 -57.73255
301.43643 +6.73657
312.22150 -53.03960
356.10208 +9.16461
14.08802 +39.82582
39.78923 +18.36747
54.30241 -31.99978
194.94307 -37.52425
264.57425 +13.80912
271.24762 +45.46494
278.41498 +32.13967
338.28064 +72.47859
353.06555 -30.24864
16.48316 +4.09022
36.43602 +41.79942
53.65645 +12.06481
110.94164 +56.58179
263.40433 +70.84280
272.90274 +74.20217
325.54379 +2.65393
8.48090 +7.27909
24.32054 +28.89048
54.58925 +64.32307
88.15179 -17.78727
99.43536 +67.84231
120.19604 +29.74781
153.35963 +38.65766
202.71545 +10.93923
79.02361 +5.57480
111.43169 +53.22910
332.21478 +44.53984
9.81546 +6.68851
10.04502 +22.71581
44.81821 +7.30522
118.29321 +8.95449
150.98761 -6.49650
255.35118 +81.68348
255.48366 +28.38809
276.73877 +56.08774
288.94260 +43.44072
110.46454 -48.80380
152.83286 -0.02289
236.08957 +41.08641
254.61467 +59.11956
333.07108 -62.72489
335.63181 +2.77515
17.65885 +30.43955
190.65038 +78.12236
269.80814 +56.23177
2.89543 -83.88375
36.42004 +24.96500
124.00569 +58.33407
149.42792 -5.10348
151.83403 +10.36117
173.63304 -9.53345
197.60802 -51.62271
235.93176 -66.47406
315.83276 -72.68788
349.92236 +10.18500
0.89954 +10.60383
24.08441 +17.81620
68.88505 -13.55644
243.69850 -61.19522
294.61884 -51.78701
329.53821 -48.51383
12.52393 -12.18431
37.80324 +43.35839
69.31955 -44.51992
148.78516 +14.29142
150.21275 -65.10277
198.05109 -56.74525
242.66942 +2.11102
260.67844 +48.19279
267.66391 +17.20930
331.68298 +9.35206
357.07541 +2.34229
18.30587 +8.86514
101.76190 +40.02205
127.09373 +25.12500
174.06395 -70.80756
189.61632 -23.64021
243.60449 +10.51491
278.51031 +20.30397
77.51854 -14.94696
108.12106 +28.59569
120.46331 +61.41314
134.27821 -24.75038
201.70581 -36.75647
319.52634 -46.30073
335.16541 +35.22227
57.38552 +46.99400
101.44301 +46.04914
113.82687 -50.25002
166.66483 +15.04093
357.74991 +27.21906
119.55775 +8.15044
144.82191 +36.56229
155.18251 -37.77957
355.14005 +27.24231
71.93896 +1.81927
181.12617 -54.09267
31.24018 +21.11717
40.85818 +31.47089
157.14142 -50.39194
280.56290 +24.89757
358.97366 +12.19002
21.04318 +28.60646
191.05156 -34.15231
260.37762 +44.46681
267.32874 +63.75883
68.06090 +1.72660
110.31426 +63.65058
122.52946 +57.83688
197.92227 -5.43995
351.47125 +27.00745
10.48713 -32.97026
18.24594 +40.02135
93.18070 +47.51423
110.80377 +37.45915
112.67889 +55.53580
135.96391 -56.29651
236.68697 -42.34104
248.73889 -62.45354
7.85879 +6.20675
17.69699 -45.75656
21.78708 -20.03662
34.63114 -6.60357
61.37659 +4.44540
79.24664 +0.92208
318.94043 -42.42712
