342.16992 +27.61105
351.91617 +22.75891
3.11122 -27.46962
35.98160 +27.49281
37.23056 +28.15125
106.85622 +18.50907
113.67918 +54.82592
149.78769 +50.98797
166.34962 -2.52828
251.56497 -14.86820
260.92224 +52.01109
317.95047 -19.75085
86.41429 +58.59941
181.18820 +31.15943
193.49861 -72.04541
327.12268 +29.39651
337.99484 -25.36039
108.84660 +54.98710
162.71703 +1.16534
220.09943 +6.30720
266.44821 +60.89746
339.95599 +38.21542
7.51872 +38.32815
51.79506 +46.94342
78.18907 +6.26806
78.56213 +4.92959
104.12721 +27.95234
120.01678 +23.43785
245.40320 +58.69854
336.18109 -13.68578
359.97498 +46.88516
21.62855 +34.67548
31.41537 +39.83941
40.50822 +42.54705
75.22838 +1.37251
108.68569 +54.97229
120.76215 -59.36852
185.41159 +15.74519
201.60905 -25.40632
210.78198 -34.15534
243.21164 -60.64335
315.57074 +15.13176
0.49125 +21.62112
36.66081 +37.13623
38.85199 +19.94121
79.42574 +0.23305
213.47385 +20.97902
358.32812 +3.71786
16.84744 -32.82903
264.07172 +22.89316
332.24918 -35.14779
340.48309 +20.26147
130.70197 +45.64078
150.52901 +11.48965
157.35268 -3.74606
187.91084 +27.49556
244.47884 -61.21624
266.53128 +35.56939
4.15521 +6.63418
108.83340 +26.08898
243.68771 -60.92662
244.49382 -59.26027
26.15974 +38.20277
39.90480 +10.84367
66.52296 +35.20881
243.19386 +4.59810
247.58481 +8.62883
259.80682 +49.97679
320.34137 +29.45344
327.02222 -53.99477
331.80170 -29.83747
347.39346 +15.65474
17.83837 +27.92860
198.07356 +26.68613
300.28287 -23.87257
357.17383 +2.23975
19.28470 -61.46464
180.44318 -52.93512
249.18761 +1.67993
332.96509 +26.14924
346.69278 +19.12209
336.45981 +17.66930
340.14029 +33.46645
9.79260 -8.39710
28.13571 +36.11517
117.54752 +34.41530
119.76751 +59.13671
197.49814 +30.03973
228.28448 +4.49718
288.88431 +42.90985
323.41852 -36.93947
0.39929 -27.57649
30.90454 +15.74679
59.60236 -52.14089
214.35425 +8.04996
34.50145 +31.88181
45.49988 -23.82395
55.81070 +15.47979
251.46788 +5.34682
271.46979 +34.01716
356.88254 -28.10711
16.74253 +32.30846
24.28043 +4.88525
59.42744 +6.30002
123.92401 -23.06543
124.77305 +68.20223
154.51390 -3.79480
333.33844 +38.83094
333.60083 +15.37661
334.77631 +24.59821
51.26749 +2.89667
220.57495 +25.50931
335.44846 +25.32030
2.04280 +27.00424
102.52618 +20.23418
160.58121 +6.20132
193.34407 -22.68785
213.26715 +42.00529
232.35893 +82.58394
251.90198 +8.75294
268.57822 +18.94847
356.56912 -25.79152
16.88513 +70.38660
48.77777 -33.73030
182.68266 -52.53306
186.09991 -56.37773
33.10243 +8.61854
38.84378 +37.48584
41.49696 +41.32184
54.86767 +13.39305
151.27698 -9.97222
155.07072 +78.46642
177.83083 -5.66215
200.11613 +14.53379
275.24969 -63.34796
280.11215 -61.90235
350.90479 +25.19375
15.63167 +33.98061
29.98036 +24.31222
37.45839 +9.84814
43.31882 +47.57093
43.46847 +2.29067
165.73917 +50.67018
236.00803 +27.69935
315.77942 +16.03066
316.94122 +3.87764
2.90889 +27.94792
50.87415 +1.32419
55.82243 +15.55613
188.56165 +11.07159
284.62805 +58.60226
317.81271 +3.52235
4.32247 +30.20915
28.45860 +36.78748
36.07528 -79.92539
66.64148 +28.60764
85.84598 +69.43098
129.24718 +1.79209
262.97601 +6.50192
3.64186 +5.23424
27.49139 +22.01222
43.83271 +6.12461
50.30661 +7.44345
55.66326 +15.64346
68.80014 -54.20568
156.03200 +0.14198
191.94357 +4.33608
230.98175 +46.59957
43.97434 +41.74394
56.89799 +72.66601
73.68368 +1.34880
258.62650 +23.05942
29.42424 -26.05525
165.45428 +44.44818
210.39342 -23.13871
239.46007 -22.49421
244.38690 +58.33771
4.27107 +42.16136
12.55410 +24.49762
14.11233 +50.62217
19.31486 -50.93128
22.43982 +16.92649
253.05373 +81.62012
292.32236 +72.13727
314.34845 +17.12901
78.37627 +7.41907
201.90491 -55.81845
254.04372 -75.75610
13.53545 -61.92855
49.27837 +31.58339
49.96802 -2.59204
166.16246 +5.20057
173.67424 +48.94441
315.05609 +9.55911
17.01231 +31.67495
38.22621 +25.09326
116.78005 +62.38252
219.44786 -51.25880
246.72182 +51.55509
263.37781 -53.63661
