314.40289 -38.48258
346.87656 +27.68341
353.51950 +9.71389
95.45996 +27.16831
109.51315 -29.73343
202.43541 +33.33908
256.77988 +8.92686
261.39017 +20.77370
298.24765 +42.09649
15.19119 -85.52295
92.14404 +62.64825
103.18362 +55.59528
200.06264 +30.89979
282.68567 +33.95978
324.27292 -70.98255
338.65378 -22.48508
30.95420 +43.00219
39.53148 +1.38839
52.22400 +40.03634
86.20692 +9.67771
96.29048 +28.55373
113.32587 +32.54602
199.61079 -15.76959
312.03204 +16.38323
76.20724 +76.86585
105.60869 -28.71002
117.49370 +55.92436
156.35809 -67.65292
313.45178 +7.84643
17.09562 -47.09877
68.04195 -10.64387
234.40627 +73.25684
318.54044 +2.99377
325.11459 -63.95407
20.70278 +33.96862
79.63369 +6.38381
105.50985 +27.82823
113.47131 +49.29197
177.10712 +18.94011
226.76718 +21.21066
253.99727 -1.25037
260.78070 +12.90661
277.35345 -77.00203
335.63263 -38.63204
345.74652 +16.60443
3.94998 +19.98293
90.81245 +52.05258
107.91665 +7.34656
190.05386 -5.79928
243.07297 -61.40281
246.82253 -60.07357
281.48892 -72.63003
339.58972 +35.95913
55.31524 +15.35856
123.47061 +64.33720
206.99026 -37.94215
243.08841 +4.60662
62.84118 -46.00754
66.71043 +40.47395
167.02513 -5.16720
174.21475 +20.00497
176.49773 +20.44720
205.21681 -28.08881
217.15953 -3.33147
333.71503 -34.09359
357.13272 +24.60355
37.85899 +1.34627
341.37076 +21.80795
355.17722 +27.17805
42.25470 +15.73328
122.59341 -18.28609
193.02094 -9.33336
231.60666 +42.35402
326.56952 +9.68554
5.30532 +30.47436
5.31687 +30.50601
64.77476 +26.17995
84.14657 +50.31287
129.59593 -55.17814
203.79207 +75.02831
211.82018 +75.92932
239.10210 +42.39555
275.18738 +38.14288
338.38898 +30.80480
347.66217 +9.18890
342.21188 +27.96264
34.49905 +35.76322
76.99358 -77.35958
79.80300 +5.87813
109.95545 +6.57722
113.09857 -5.81231
123.71638 +0.06628
218.38350 -33.80445
264.80789 +63.96141
355.67709 +8.49011
358.32651 +27.70540
57.68958 +74.12666
91.40054 -19.00777
195.39059 -53.27441
36.24560 +27.52383
52.20330 +40.16849
99.90318 +43.37135
313.86627 +15.50564
319.24191 +83.82124
338.67328 +51.15293
352.61044 -17.72821
26.12723 +17.10247
35.88096 +27.32332
69.57954 +72.28143
93.85538 +34.04271
103.34624 -29.36992
170.55489 -5.80577
345.13443 +13.03429
13.29960 +31.64853
42.47399 +16.98485
54.46736 -19.00836
105.60857 +19.97017
257.90866 +49.56384
261.32687 +23.31674
280.60931 +32.37553
69.44174 -47.25331
170.08376 -4.45421
255.37131 +30.32510
283.40204 +66.23209
21.27950 -38.00775
57.63612 +36.53246
65.27841 +66.07570
66.10765 -53.40189
118.57560 +3.38323
168.67799 -70.95335
229.92032 -48.96288
259.08917 +7.05292
269.03568 +64.28368
338.50085 +20.27589
154.41525 +22.80997
163.26601 +4.63179
339.71164 +34.30304
343.70959 +21.80653
9.66904 +29.58652
50.07175 +80.24631
92.29403 -54.40684
140.86720 -62.88226
247.69554 +3.50877
257.09198 +0.96408
341.95966 -61.40157
21.19272 +2.07528
42.24886 +47.10343
77.78813 +6.32263
116.43520 +4.98134
279.51871 +37.22837
324.94116 -22.40644
32.39415 +6.09633
203.03651 +76.84051
279.21390 +51.43458
343.24692 +11.82627
12.52360 +7.19302
256.77588 -70.79778
258.73102 +6.21216
260.43845 +75.84864
270.84320 +29.09167
348.87143 +25.12041
53.30506 +36.18438
70.09169 -44.80415
117.96138 +55.08754
200.93062 -35.89507
222.65767 +22.73429
307.87619 +7.11311
44.11814 +4.61050
52.24049 +1.75071
68.23390 -13.61069
157.69130 +73.88538
345.33209 +28.40122
169.23447 +35.25389
354.30304 +44.15802
8.38687 +19.95911
84.33105 -42.40946
165.98753 -6.41183
265.94363 +34.58060
345.52356 +25.76119
28.09064 +35.79619
55.71453 +15.99851
259.14291 +7.32616
8.93468 -45.74588
29.40705 +37.45638
277.62875 -47.44862
12.70632 +30.16423
17.55857 +50.17534
20.37072 -61.37613
29.28759 +17.77006
166.83150 +18.42992
359.36554 +18.31142
5.32291 +23.09087
47.55898 +42.82915
51.99688 +39.90435
158.99229 -27.56246
191.86728 +3.03860
197.45174 +59.02217
241.45219 +55.36468
255.19621 +29.82057
6.45859 +5.41541
