6.75813 +45.70396
41.17878 +15.24009
102.25031 -34.08585
110.01588 +55.93222
156.63698 -67.67988
168.70930 -2.84413
206.85138 -32.78082
229.68137 +5.89843
264.33423 +26.24521
357.44815 +30.03911
12.60699 +24.52060
51.50203 +42.02467
75.97044 +6.39301
121.77300 +27.12603
129.35381 +24.87999
157.88036 +12.49560
202.85475 -1.69304
220.58887 +8.99600
35.88276 +25.46507
41.47734 -32.04925
102.95612 +29.97943
111.78543 +59.47803
179.74898 -53.19014
357.95975 -27.96534
102.03519 +33.57376
110.77308 +55.03584
261.85831 +21.10734
39.79597 +41.24565
42.38761 -31.19913
66.30244 -16.40188
107.81500 +31.17056
202.93840 +72.60545
23.72028 +55.40233
39.03559 -50.32683
53.05618 -52.45664
73.37259 +27.30478
110.41269 +20.26990
127.28216 +38.23829
145.76082 -2.25237
193.29285 -6.41437
258.67047 +42.85827
316.22809 +65.70947
19.87780 -75.38964
35.76433 +42.91277
37.16579 +23.01228
114.34987 +55.17956
119.71539 +7.49330
152.48349 -2.83444
206.44737 +70.07938
320.25742 +9.17755
344.88196 -46.63677
118.33750 +63.32423
190.41100 -9.16310
232.38396 +67.64254
344.46545 +26.16216
9.73946 +26.87943
20.44670 +23.78093
52.49561 -28.72640
75.41714 -15.39839
116.56445 +53.76725
180.86359 +22.21040
182.58452 -46.71017
190.15082 +26.50557
257.06650 +11.84965
258.06396 +53.12009
301.82495 +3.13757
344.05341 +5.38395
96.15434 +50.97871
122.74693 +72.79446
158.99121 -27.31910
201.71172 -10.02401
258.03781 -23.47402
327.85941 +34.13232
350.68268 +8.36039
351.81714 +4.76759
26.33841 +34.26282
26.40465 +23.43736
44.48973 +5.78750
58.77313 +43.57569
92.48009 -33.64934
107.83134 +51.17194
131.30238 +79.62073
151.17068 +4.81822
152.06856 -39.64106
152.07494 -2.52674
154.41925 -0.48157
173.04330 +1.20723
286.28528 +26.84949
311.86389 +64.47931
327.54349 +30.82350
17.18522 +33.46395
22.70967 +25.91518
24.29593 +23.21986
88.56107 -51.97651
117.57026 +27.85695
243.24963 +4.34549
264.61444 +61.03994
283.10095 +73.19436
335.98416 +3.76784
20.87540 +34.56867
95.78094 -64.93054
103.96166 +40.69414
108.18213 +50.06179
142.79614 +52.63520
240.67982 +66.49313
246.16042 -64.71394
249.06462 +66.24007
10.21529 +2.84175
48.33059 +17.98952
117.62057 +55.48381
201.43832 -3.86434
215.61404 +15.08683
239.87042 +39.82763
349.79565 +10.80234
356.55655 +5.86905
4.58543 +30.03993
39.61433 +29.75807
44.68530 +25.39505
121.29276 +47.05135
236.96251 +69.46974
245.83324 +34.97036
255.81551 +31.45798
281.97940 -63.08951
295.43567 +50.62088
343.18802 +33.39774
355.99640 +8.33119
0.73742 +4.20872
18.13364 +31.98261
37.08130 +29.45591
43.16864 +41.39629
68.78619 -13.31015
267.28793 +61.67391
333.32870 +49.82326
26.10511 -41.83179
42.74783 +3.52354
200.38252 +32.91974
200.93022 -57.52951
268.38672 +64.17302
333.45367 +39.23650
18.59290 +50.22729
78.43294 +1.95325
121.18504 +61.53527
263.33646 +36.74836
267.11908 +12.52795
341.33310 +34.05952
17.93151 +35.27611
43.92536 +9.32420
79.34693 +5.35668
104.66392 +53.48632
183.06671 -6.39610
233.26982 +0.55632
240.24564 +70.60074
325.36697 -39.76493
16.82051 +24.50916
46.23100 +21.37667
55.34064 +15.42356
112.36508 +56.14286
209.75627 +0.24119
214.25423 +7.26014
228.37209 +42.33033
305.59583 +2.15563
13.74596 +30.80527
17.14437 +16.90018
113.06370 +58.60135
125.18855 +19.36227
127.08511 +2.44554
225.31192 -7.47493
61.14835 -46.04187
150.66226 -5.15078
156.71631 -3.26036
211.19090 -5.56527
267.39786 +16.68190
333.73334 +31.77455
338.87036 +19.67950
23.74163 +33.92362
108.88478 +40.49120
111.64962 +23.07294
219.05988 +73.50603
292.86462 -67.36903
41.98896 -77.98901
49.31576 +3.59174
230.38737 +39.20075
335.69138 +29.77667
180.42470 +20.40508
194.59145 -51.36819
244.33792 +59.32016
9.77137 +6.02105
34.80762 +41.71634
79.20435 +5.38505
137.97029 +16.27847
305.65219 +3.93046
338.57587 +50.41302
152.71034 +75.75423
223.28909 -11.20787
250.30711 +59.08508
350.68719 +23.21115
5.20282 +20.03157
15.16059 +30.31638
40.95457 +6.64291
43.40635 +6.06101
