171.89084 +36.06083           
172.77957 +21.28020           
193.97600 +63.61185           
236.08957 +41.08641           
242.82088 +13.86607           
217.86334 +3.00909            
247.15945 +39.55135           
64.25096 +0.83520             
237.80354 +47.25489           
94.80547 +80.06847            
186.39626 +45.68466           
154.77063 +46.45506           
24.53747 -32.85465            
144.15495 +48.47436           
18.75346 -32.24380            
165.07957 +10.04741           
186.03099 +6.60748            
172.53107 +9.27663            
331.97867 -35.50541           
181.14130 +64.43674           
178.95737 +25.13147           
48.77112 -54.81899            
197.38837 +53.49419           
24.31390 -9.19763             
0.63468 -30.62166             
147.51662 +31.74597           
244.69667 +7.41096            
191.82291 -2.72749            
24.67922 -33.02423            
137.07295 +21.44342           
163.66350 +54.30523           
139.74146 +51.36970           
144.13281 +59.39841           
63.89781 +1.18090             
188.20007 +37.62178           
192.41232 +15.16549           
193.71811 +35.39447           
179.45096 +25.27063           
233.97437 +38.67531           
198.04677 +35.66968           
195.31412 +80.02971           
119.96790 +5.60839            
158.32338 +64.74940           
238.87900 +41.95042           
172.32133 +35.57561           
359.49695 -29.86636           
194.80467 +27.97694           
30.12224 -34.25564            
251.96822 +36.70599           
325.55063 -34.16222           
248.82568 +55.63441           
345.13443 +13.03429           
253.58128 +50.47515           
359.09943 -31.35321           
193.27713 +36.81960           
204.38362 +8.88506            
252.93903 +81.59169           
359.61612 -32.94425           
202.06268 +32.03240           
330.59518 +18.31872           
200.81285 -31.45992           
120.20720 +27.50032           
195.21486 +28.04284           
165.23930 +10.50558           
181.53584 +49.58231           
118.83123 +53.33078           
135.53500 +8.30172            
357.97668 -27.92984           
139.34564 +41.99971           
184.87743 +14.87769           
227.67081 +55.34985           
346.17270 -34.05780           
357.90305 -28.36505           
124.40323 +35.44597           
14.32922 -30.93743            
155.58336 +21.56959           
176.49773 +20.44720           
146.03978 +65.97742           
181.68581 +67.16320           
332.24918 -35.14779           
174.92708 +31.90941           
152.21068 -67.03085           
325.49387 -34.44590           
255.18846 +30.13694           
190.62982 +3.96032            
239.59122 +2.96250            
335.38248 -37.03139           
124.75790 +21.18589           
244.34813 +50.63596           
145.24849 +21.19270           
332.41821 +13.63573           
210.67540 +9.34665            
191.86728 +3.03860            
33.52322 +5.17329             
332.31305 -35.10154           
244.33398 +34.90148           
172.13052 +58.56161           
190.40544 +26.07283           
241.51688 +55.42533           
196.32744 +31.44230           
117.15347 +55.81637           
3.96365 +16.08977             
244.95041 +37.77448           
143.54425 +0.24205            
187.65154 +41.64363           
187.18329 +22.82156           
242.67763 +57.46654           
174.22655 +19.97165           
55.32306 +15.39658            
24.11514 -36.37741            
168.88881 +5.11541            
9.82606 -27.34924             
197.67337 +20.53678           
148.78516 +14.29142           
332.21158 -35.11749           
146.51523 +1.66834            
200.16693 -17.64892           
159.29257 +12.65246           
245.76292 +37.92236           
184.53465 +28.17532           
221.81197 +13.45638           
220.04803 -0.28921            
112.55661 +24.49166           
183.91322 +36.32689           
191.22141 +18.75513           
255.87744 +36.41866           
179.37686 +32.33416           
187.62970 +41.70116           
128.94978 +28.75320           
23.83976 -32.77644            
107.38543 +28.66081           
123.49545 +45.74215           
189.12654 +26.20025           
240.93201 +16.32776           
183.77098 +33.19728           
323.10455 -34.37281           
224.71870 +7.00730            
356.10208 +9.16461            
220.59326 +22.33281           
340.63904 -37.18539           
64.43499 +1.56473             
125.78413 -77.85201           
177.52472 +24.92008           
134.68979 +39.51002           
358.10080 -29.02300           
149.73444 +14.41890           
329.25571 -36.99068           
348.41879 +14.02094           
169.78175 +3.23110            
170.25195 +21.33781           
150.29042 +22.40232           
166.89896 +22.85230           
217.71222 +13.96876           
177.20808 +60.19552           
32.17582 -7.79078             
204.57188 +48.27560           
29.48066 -32.98706            
163.26601 +4.63179            
120.84048 +6.99883            
220.74113 +4.89012            
191.29933 +23.03609           
323.41852 -36.93947           
194.20125 +48.29688           
196.76143 +13.63736           
256.35733 +75.40731           
179.17548 +48.33394           
35.52817 -34.43315            
145.20735 +11.55287           
141.25325 +64.56042           
356.74298 -35.79459           
119.65563 +8.02968            
8.59221 +10.20501             
209.10358 -0.24756            
15.82552 +14.03775            
218.15976 +31.67021           
34.60996 +5.65388             
233.73863 +23.50291           
9.11417 -27.78535             
267.08478 +17.94787           
254.47038 +36.40870           
202.00310 -27.10270           
357.65909 -28.43463           
169.21283 +17.79828           
149.80423 +57.95227           
192.55772 +7.57903            
24.74683 -29.92431            
140.54416 +65.32496           
202.44040 +33.35261           
111.81050 +52.94855           
222.09525 +18.35464           
209.56897 +59.81456           
79.10197 +15.63179            
9.04692 -32.57457             
333.71503 -34.09359           
261.88269 +26.47512           
183.12947 +29.16856           
320.63080 -36.68155           
124.02205 +58.00552           
39.09909 +31.71140            
224.61058 +8.20837            
349.19934 -35.52411           
209.64018 +37.45350           
189.37729 +9.55510            
121.77300 +27.12603           
169.57182 +18.84693           
143.04213 +21.50083           
349.41479 -34.79081           
225.86644 +7.33851            
268.82278 +66.54030           
167.73817 +19.18263           
136.13959 +51.61419           
