141.80243 -11.64345
305.80768 -27.71457
194.40054 -49.75121
280.08255 +24.19997
67.98782 +59.42981
170.07079 +2.96417
47.22961 +70.56324
234.62489 +12.18660
202.26506 -41.99623
345.27716 +16.38841
106.42512 +50.58106
89.36231 +11.94919
131.81593 +72.98563
62.25779 -45.51754
165.31738 +3.62801
168.77588 +14.78708
190.43497 +74.42094
120.09856 +39.83041
247.87682 -58.09985
214.03218 +35.34376
144.46359 -62.15109
21.32225 +9.26411
179.57098 +28.19250
36.45925 +18.49900
26.23375 +10.42302
157.22308 -31.60894
214.54398 -48.01007
351.34061 +28.49523
110.53925 -29.23554
2.47255 +25.92379
188.90822 +12.26399
238.57980 +0.54303
210.85060 +35.13207
192.73848 -14.33295
343.94064 -42.64202
175.32771 +36.54674
323.88620 +35.39834
350.12555 +17.22556
155.93314 +12.56781
107.63564 +75.32665
196.37244 -43.59113
40.95794 +32.47489
333.95779 +19.23237
338.52823 +5.57034
193.89873 -26.82507
207.71127 +39.57488
58.26801 +35.59195
52.88081 -51.90483
16.75928 -80.30775
330.67325 -51.29659
236.56822 +2.41547
155.58336 +21.56959
334.21039 +41.50283
26.97718 +27.43278
348.81702 +18.96140
330.53082 -51.74309
56.24358 +45.96748
202.54749 +46.67079
318.78131 -47.22049
317.83371 -64.02533
345.81531 +8.87369
93.90173 +71.03753
185.43280 +75.32259
145.51385 +0.33647
138.35303 +79.18732
38.85361 +40.86972
138.52133 +40.11375
186.97319 +12.29323
287.85733 -50.64219
28.30249 -49.56035
28.79253 +35.28189
195.10974 -15.28345
107.79503 +50.17469
19.93688 +3.40995
210.75429 +34.75785
40.87518 +37.34126
357.76654 +20.15041
132.73344 -34.53757
136.33885 +18.31311
353.91412 +15.30205
188.52527 +11.32126
201.84909 -57.48951
206.59872 +43.87204
212.48880 +17.54548
163.04755 +32.95042
218.11345 +49.90471
200.16679 -43.69995
245.33293 -60.78296
101.46997 -18.21080
192.94284 -41.13225
158.23105 +28.51173
74.85788 -10.98071
120.40511 +15.70983
42.12881 +50.75453
246.45941 -60.75260
196.02194 -41.41159
219.42113 +2.29098
27.67384 +21.75992
39.20672 +33.32726
186.15082 +39.38300
185.91252 +7.05398
8.00903 -64.25338
50.73037 +37.03329
182.64023 +30.40153
82.95470 -67.35941
349.94675 +42.85263
129.06326 -26.40940
132.01909 +74.09887
276.26288 +27.53531
191.84074 -41.23751
344.73041 +40.93226
334.21899 +40.50461
5.29520 +22.35719
330.51331 -31.97369
96.48119 +64.74065
159.09315 -27.43814
114.15630 +17.88391
187.74059 +12.27046
32.53988 +39.19037
255.20972 +23.01099
55.93983 +68.30132
281.15988 -73.26342
243.88704 -60.66530
350.52744 +40.84543
217.13226 +27.40903
215.17967 +39.69359
74.48602 -0.12578
179.37569 -73.68451
299.05359 +40.43397
218.71826 +54.47573
110.91078 -30.05111
118.99615 +85.15891
60.25425 +74.08385
177.68953 +51.82421
285.48593 -53.86309
27.44705 +21.97085
150.48026 +72.17030
44.15184 +43.04737
179.33716 +25.19538
345.01495 +15.98034
279.67908 -62.94302
44.73333 -12.39859
192.06282 +10.98362
162.94299 +32.90068
95.64437 +51.90953
279.16528 +19.72928
36.97787 +20.33258
179.78966 -53.40902
220.04518 -44.31459
164.75076 -28.47698
125.68109 +22.55306
183.97717 +6.40111
213.00299 -46.08872
8.56459 -31.78600
44.54294 +3.36194
157.33301 +29.49144
220.62030 +41.84231
47.10933 +4.11083
184.95602 +5.46340
69.00434 +19.95034
207.29755 -7.22433
284.11600 -54.21395
279.64114 +25.37513
291.32977 -63.86016
90.96842 -69.57745
338.09918 -14.12052
143.33961 -33.03351
191.66611 +54.53419
226.50325 +1.63381
248.13274 +82.53791
182.04623 +2.87832
38.50008 +20.97677
279.15536 +19.92151
110.59394 +22.08328
19.79220 +3.30083
73.21729 -59.74226
193.95395 +4.30412
193.08165 -41.06002
40.70123 +28.57421
12.00621 +27.62386
183.26271 +7.03881
150.56950 +24.71111
139.34564 +41.99971
253.24535 +2.40102
95.41145 -59.73991
214.01877 -52.60871
58.39260 -66.01806
274.73141 +23.65561
148.42035 +1.57965
58.38296 +32.49280
352.14624 +32.41573
29.17029 +33.04351
183.07834 +29.17931
62.99718 -32.85081
235.09691 -63.32679
85.23830 -82.11940
162.09776 -25.16204
33.05132 +44.56840
252.92665 -2.61519
71.62399 +18.46091
192.58022 -13.32434
187.18982 +44.86422
269.01553 +18.37301
309.14096 +11.49471
336.61490 +16.14821
17.86522 -38.08347
88.72334 +46.43934
38.69572 +32.84621
193.21925 -15.41330
185.08655 +29.31088
19.89470 -58.52430
143.02599 +8.44186
273.46207 +18.82528
30.27688 -6.81585
244.08136 -61.29609
290.23920 +43.13249
126.78362 +25.97034
142.37601 +7.71882
224.66591 +53.88609
119.30725 +23.76772
181.34456 +50.35279
185.75795 +58.44464
240.89825 -60.15027
278.60318 -58.49662
49.97563 +41.56340
55.48924 -4.70486
101.59170 -26.10872
242.90390 -61.08137
192.77826 +10.91208
74.83596 -7.85896
140.51875 +71.84400
227.20476 -11.20784
290.37863 +61.14489
167.64497 -49.10261
21.41789 +34.71297
269.02380 +33.20840
75.18213 +62.24403
250.76794 +61.57890
261.79810 +11.54360
280.16721 +36.28964
263.88681 +60.81340
298.59802 -58.71356
29.45973 +36.34310
64.10223 -60.20682
13.78131 +31.54228
184.98358 +5.34335
27.43241 +35.78563
344.84540 +53.74006
233.63496 +15.19382
243.17395 -59.24279
292.48444 +72.11282
45.91000 -15.61349
246.34970 -62.63799
299.20499 +40.41113
288.38190 -47.06146
344.48972 +26.15000
147.73804 +33.55353
244.79811 +57.98415
268.99911 +18.33826
234.34344 -16.59577
238.59641 -61.34001
280.79782 +18.72762
74.86555 -11.12295
119.62518 -14.35427
320.28177 +23.08496
264.88159 -85.31042
308.77884 +64.80280
155.29276 -46.01300
174.58920 -50.71536
111.80984 +85.75455
250.51299 -5.03264
37.70269 +37.13677
107.05820 +46.11585
170.99277 +38.56237
193.00214 -41.14692
217.54340 +31.21550
112.05420 +58.50670
209.96175 +38.18245
339.23407 +38.54806
44.42320 +6.02693
352.26590 +11.44516
184.35947 +70.80257
38.53295 +32.94725
328.11017 -81.53082
108.30081 +12.26608
21.67731 +2.02235
281.73990 +45.70566
107.91849 -26.70506
271.09396 +7.28035
73.65974 +3.26797
269.87839 -63.66873
186.79828 +9.42055
124.48503 +0.74569
71.03761 +28.21681
27.76600 -9.70262
335.76752 -79.99696
134.87695 +44.91398
260.92096 -65.01024
77.94227 +5.20061
172.04588 +25.66110
