220.12140 -35.12341
275.82443 -43.14253
37.79076 +29.58875
111.33717 +19.17743
36.69511 +20.49749
168.85643 +47.44712
86.82591 +56.11235
197.66054 -41.55994
271.29175 +25.23262
71.29810 -15.87002
158.68657 -1.96907
243.60335 -0.20754
64.75819 +26.82750
101.42131 +71.34383
5.55640 +10.49159
229.04518 +10.50968
351.45276 +27.02989
9.01692 +23.95789
278.48187 +22.88828
198.39072 -43.52602
202.06268 +32.03240
228.79240 -14.61693
355.00342 +27.13372
60.52832 +23.13291
215.95642 +14.63872
66.14594 +33.87508
3.66711 +18.58203
161.76689 +17.27370
129.35638 +78.02641
166.41205 -9.92385
192.55115 -41.51490
195.82597 -30.52103
317.40378 +66.16994
100.77509 -74.23625
301.70795 -56.38993
42.22079 +53.03735
109.82761 +51.29240
34.68864 -6.63909
186.62328 +9.01927
170.63127 +39.87692
217.45454 -29.74849
143.68149 -21.92779
192.98067 +12.08297
342.50891 +11.69867
1.58297 -41.49992
208.57913 -26.87352
214.29195 -55.54429
149.19965 -65.62592
349.93417 +8.57639
2.38623 +33.30867
198.75888 -15.95180
268.71149 +18.32686
246.64861 -63.19617
46.62952 -66.77562
350.12491 +8.39573
96.73183 +59.08008
22.73025 +17.18855
212.14992 -53.35281
65.28647 -48.25478
80.68845 -70.17442
106.08459 +64.02029
108.13625 +71.75053
211.67184 +50.72329
329.10062 +73.26091
38.52593 +34.47995
297.33493 +4.15388
322.50809 +26.71788
190.54456 +7.67695
200.12535 +43.08397
3.64543 +48.25550
42.75365 +46.95485
179.52409 -2.12011
184.73404 +4.78598
30.04792 +38.02135
243.04814 -60.78331
346.85483 +32.37505
183.19354 +10.86597
353.26068 -51.69835
309.75259 -4.97259
230.39978 -12.09341
279.47345 -57.61108
3.25313 +30.91529
259.47079 +61.78077
100.92432 +65.20629
134.05128 -2.56345
190.30168 +11.88664
117.82808 +50.23551
181.19325 -53.17467
281.82523 -63.35941
240.05106 -66.38329
15.23092 +47.68198
47.06454 +38.38216
65.06741 -45.03146
345.50400 +15.96485
50.41649 +41.36056
71.83669 -10.23808
119.50181 +52.86175
285.28174 -45.31373
90.65813 +65.37121
169.37569 +4.55548
6.37474 +45.92171
122.75665 +5.08734
192.82744 -14.57360
288.64456 -46.59595
150.96620 -27.57087
214.61072 -27.37885
84.90458 +77.31248
119.18828 +39.92783
220.52867 -9.00944
102.54420 -11.25361
179.64920 +16.17730
114.52294 -55.19078
191.81454 -10.06344
307.07779 +10.75578
303.39957 +7.28173
175.31702 +59.88583
248.96205 -61.46674
38.84450 +12.83771
77.63174 +63.16546
111.14905 +57.96756
145.59200 -41.81581
184.14035 +33.52203
237.21458 -67.32348
53.58110 +39.54567
60.93328 +22.15909
119.20275 +7.47797
20.47458 +9.20654
137.25398 +53.84951
203.60515 +34.69042
246.29305 +40.89281
340.22708 +75.16470
2.58326 -46.41942
49.70755 -1.97333
103.05146 +74.42698
188.58052 +6.46770
256.91855 +60.75084
341.40182 -65.12183
27.96053 +6.29688
148.63722 -6.85757
138.10159 +35.02748
244.50717 -63.20216
75.90427 +1.57334
287.06821 +50.93314
64.35535 +2.37109
37.13964 +20.28368
150.82765 -64.96745
112.57689 -31.59902
279.36032 +40.05774
142.72467 -35.68843
218.10745 +8.07849
311.01324 +3.20944
329.48032 -28.80409
233.98752 +43.49318
237.80354 +47.25489
18.46357 -31.78835
159.43875 -26.63073
232.73450 +82.45585
16.70964 +75.60033
164.55244 -50.44335
50.51200 +40.86390
194.78708 +37.31033
175.54620 +10.27775
241.89655 -59.85992
20.48261 +50.04747
30.93678 +38.25871
112.22262 +33.81905
137.19089 -38.60788
315.93665 -49.02975
350.79898 +43.95892
5.62501 +29.74535
70.71504 +18.55457
179.39828 +55.45878
265.91080 +25.49391
341.14352 +3.64640
30.62220 +18.37299
38.60741 +32.95444
330.96701 +35.99061
107.92250 +49.86194
19.97945 +16.54469
75.52087 -69.56828
187.33881 +8.15659
214.99689 -4.45125
163.66704 -21.06655
19.06179 +31.03383
74.60068 -62.02840
39.82039 +40.87229
39.90226 +10.79334
228.84715 +55.51716
21.01626 +12.91738
21.38994 +33.67136
220.74113 +4.89012
316.12140 +16.08277
55.63604 -4.29864
186.09038 +9.29276
12.00629 +8.29709
66.67387 +20.40783
83.30374 -36.39882
348.62265 +23.68484
1.12828 +5.20028
49.68716 +41.46772
246.53967 -61.66198
104.07301 +45.49280
212.51837 +17.73379
334.76526 -20.93991
17.09773 +33.13361
87.38144 +17.68551
345.69373 -40.83526
28.37354 +36.22129
284.94659 +18.83039
325.86258 +43.55515
195.87387 -29.82876
47.71946 -10.74799
183.12947 +29.16856
66.99999 -47.91273
156.93930 +22.84715
48.82462 +42.69630
208.02455 -6.05830
241.23622 +23.93283
1.27599 +6.92011
58.30561 +60.33939
149.07999 +16.83122
184.92632 +5.53820
120.44131 +56.55337
192.63797 -9.45112
272.73953 +31.11620
48.83791 +41.35542
73.53001 +72.32381
159.79681 -46.14105
145.54784 +4.67313
74.04076 +2.15688
36.53204 +31.91233
124.81141 -25.18798
153.17175 +3.12932
98.19653 +63.67367
238.55807 +14.60124
107.32535 +20.63597
163.66350 +54.30523
245.76292 +37.92236
251.47766 -23.45170
40.80185 +41.50060
296.78149 +59.90708
270.44327 +19.72895
316.48016 -48.20711
144.55679 -63.48656
266.71390 +20.76114
0.95359 +7.47864
207.61778 -52.66076
37.01505 +28.17533
322.93185 -76.48132
93.69782 +66.56749
273.14041 +21.42614
72.89765 -2.62315
66.90295 +56.74500
99.05153 +82.96911
277.09952 +22.73690
332.65942 +42.02127
40.91916 +1.37587
113.75941 +32.82215
186.06053 +8.53585
113.33326 +59.62536
161.54320 +73.35307
331.68295 -31.16245
115.82693 +52.31850
0.00695 +47.27456
50.99356 +37.75566
292.78360 +54.10217
168.79863 +17.26269
272.12781 -52.06696
349.56784 +6.58579
68.40767 -13.26196
39.66614 +41.64753
105.63776 +50.59059
163.70262 +17.62119
5.51344 +22.40809
80.64731 -79.85181
204.32800 -49.74886
341.88730 +40.23880
194.21957 -41.81332
215.57845 +50.50139
336.70193 +35.51872
39.96083 +18.02427
64.80894 +3.34834
308.87021 +51.59096
349.18018 +33.99582
55.98701 +39.29515
77.22797 +75.42789
162.11636 +12.53316
18.04021 +32.12316
203.33200 -53.35470
299.44241 +52.87993
329.37143 +41.24889
332.80008 +38.92728
344.33139 -1.04901
24.78753 +48.28266
340.95541 +8.70548
220.12518 -53.08181
36.50204 +39.47092
170.68265 -7.67625
38.58335 +32.42944
279.47687 +17.53386
