13.03729 -2.21844
51.73548 +68.58124
210.85356 -6.06910
47.32647 +42.97215
242.57120 -60.95897
211.87405 -27.01787
304.68195 -16.94600
174.26187 +58.41558
358.33197 +7.87093
253.46756 +39.76019
323.95056 +35.35113
117.16351 +54.61190
51.77112 +12.55238
72.36590 +63.92518
339.37204 +10.53157
9.49040 +8.63518
217.50557 +36.36092
70.72878 +0.61859
350.42401 +8.88692
343.38593 +68.68269
200.65425 -53.43337
327.02246 -50.56522
193.01332 -41.45991
29.69999 +24.89248
150.35802 +15.76999
327.39798 +15.79045
309.72702 -5.63990
174.31021 +17.83996
323.63947 -40.81863
144.72279 -4.84870
339.62277 +35.32798
28.24865 +12.70847
39.83004 +6.54393
44.35833 +10.47894
224.10022 +49.69609
152.82903 -17.20429
217.45752 +49.62263
68.40030 +13.52105
122.84615 +3.63307
224.03514 -37.64787
20.26224 +33.89845
18.90678 +33.06771
45.37682 +37.76599
63.38977 +27.54159
54.77882 -18.29228
66.10558 -0.74623
81.22723 -12.68880
78.12373 +51.28753
267.94577 +24.48347
353.88455 +5.21465
356.74310 +6.86180
50.34571 -2.31684
50.05051 +41.36700
158.09132 -22.30229
198.70514 -16.49260
258.17828 -24.59663
277.43649 -42.75325
291.37265 -57.67044
357.22791 -16.54115
23.77662 -36.49022
109.42078 +23.35674
17.04518 -46.09406
44.69870 -32.09921
107.27475 +61.59554
155.79858 -49.47079
7.74206 +10.20841
22.02502 +49.24130
188.13953 -68.53886
84.13493 +16.64138
83.03558 -7.91815
125.79701 +22.66460
306.86816 +8.09810
79.44781 +58.23957
111.41946 -30.40462
268.95184 +62.61216
279.60938 +17.19715
47.80645 +41.36371
274.59497 +21.29296
349.30652 +18.70816
74.58085 +0.74224
163.47858 +73.69035
250.21907 -60.39428
86.86368 +79.63587
152.74956 -45.15104
153.38156 +22.73756
45.59335 +51.96979
213.37546 -45.41359
9.55160 +2.72855
45.99578 +43.39831
119.65563 +8.02968
151.71620 +14.37357
316.29251 -47.78971
31.71457 +44.57291
40.27572 +8.73801
185.82187 +11.36798
230.38783 -13.09174
110.39252 +23.54878
349.34476 -4.72786
351.66565 +25.08014
209.56204 +6.25876
7.54462 +2.09344
9.74767 -9.00270
155.64366 +19.88705
262.40622 +75.70433
15.77957 -6.98835
46.47956 +41.59201
85.81379 -30.07839
252.83435 -59.23450
37.64031 +32.17624
43.96768 +9.31175
49.36339 +41.40513
244.69667 +7.41096
79.15474 +6.44801
112.70210 +73.70637
323.88470 -82.90216
338.60141 +50.44329
64.14293 +2.75907
322.06271 -37.86132
40.19609 +43.81793
125.67158 +4.26239
144.62148 -61.82962
284.68134 -63.13924
63.09446 +5.54698
190.56856 -40.64206
141.06676 +49.24911
242.31696 -60.53078
98.86206 +48.84401
141.88599 -60.77080
155.27304 -66.49207
187.15170 -43.26174
202.48247 -20.68464
72.38952 +69.47502
193.21039 -40.45166
207.06950 +68.08500
216.17831 -3.21216
306.54022 +1.15550
122.96880 -18.30034
200.49814 -54.61255
188.64484 +18.20261
200.35735 -16.30575
210.11063 -53.72514
20.12871 +50.14448
80.42296 +72.33145
103.26345 +23.13576
307.14609 +25.73334
2.84294 +6.38929
21.33645 +34.02512
59.82135 +6.68717
40.78017 +41.06442
48.13794 +39.31892
215.41005 +35.20491
24.57774 +35.36484
122.56330 +33.95655
189.29878 -72.59201
309.47873 +10.63133
56.91578 +39.34687
191.19606 -10.19784
214.24504 -75.64719
134.78366 +11.14915
148.03404 +29.23623
271.25259 +9.48107
10.90234 +30.58699
32.75539 +37.66628
314.31412 +25.96487
266.04160 -60.97846
267.15979 +51.15726
14.81317 +76.51294
27.90439 +8.25658
56.43248 +46.67354
104.65676 +45.21058
20.99226 -35.11512
32.23441 +7.97148
57.65080 +73.03143
43.92758 +75.15440
284.29013 -62.09093
314.45975 -43.37441
239.37575 +70.68913
244.21643 +53.00599
267.64624 -1.65170
4.18407 +7.07609
39.35619 +21.10080
249.22318 -61.02774
21.17354 -1.58707
244.33398 +34.90148
64.40614 +36.28584
129.58064 -73.54368
217.84377 -28.74962
281.93414 +23.34728
295.02570 -77.55817
40.64829 +34.76351
27.09361 +11.52154
269.85529 +6.28703
17.89981 +49.12111
64.66727 +2.56082
78.93105 +19.36299
94.00586 +75.93651
37.66044 +42.23221
277.87057 +16.12277
316.40576 +11.41417
9.62248 +29.51121
171.47058 -35.39457
358.30206 +28.28344
14.38637 +30.28076
20.99898 +33.90783
193.16255 -39.02828
269.81131 +45.88708
52.86472 +4.38088
316.68967 -44.81471
355.14020 +29.18817
68.17388 -43.71589
309.83707 +10.80570
63.50277 +36.84765
177.49716 +21.33367
208.04201 +2.32511
20.91908 +33.28066
165.00992 +14.84159
72.83232 +23.20801
37.30826 +23.08271
263.91626 -6.59937
14.02509 +24.12690
189.43245 -43.62113
69.07763 -2.83138
214.24667 -44.97734
112.06236 +63.25560
254.63075 +58.93626
332.89740 +25.86438
71.33176 +11.06796
114.23622 +35.24196
267.44357 +72.02114
68.13644 +16.63417
128.95212 +1.72169
168.51366 -14.08727
223.55211 +4.75020
246.52161 -60.52674
343.42020 +33.70914
283.84192 -53.81845
43.42170 +6.26562
43.45937 +12.84924
71.02666 -5.46571
110.64454 +71.59895
273.00513 +21.46349
317.96680 +11.27616
351.61526 -81.91158
279.60709 -57.49044
350.97510 +9.66749
352.07397 -67.82137
184.17549 +69.46257
36.03331 +47.96967
206.28618 +41.50335
48.53544 +42.74921
144.63196 -63.93346
44.99421 +36.82048
67.04025 +21.65534
53.03050 +47.79405
29.62519 +25.36011
34.42223 +12.47061
51.51290 +41.25229
1.81601 +27.70808
332.53818 +41.01727
61.44856 +25.40841
106.07666 +23.90177
350.22867 +25.89856
28.14459 +36.50089
69.08176 -65.14110
180.95441 +3.54821
185.36826 +6.65356
218.49641 +3.77801
25.61350 +26.14307
132.49312 +70.29944
187.84235 +57.96465
333.66635 -27.46398
52.58123 +41.57275
159.54475 -28.78333
294.34396 +40.70551
36.18507 +42.62300
269.31223 +12.17946
349.39056 +29.01940
178.78848 -18.92743
330.87891 +12.63677
250.36517 +57.78363
347.92075 -2.16004
263.58170 -60.87154
196.25104 -47.23690
24.20440 +35.51219
203.47702 +3.28359
275.66217 +15.69800
135.66101 +25.93451
216.01993 +33.04745
47.08304 -4.13838
75.67731 -61.14007
64.16567 +60.92450
136.23686 +59.93295
195.58815 -50.33404
276.41000 +22.32729
46.55516 +41.84894
171.53563 -54.23586
172.29889 +57.13221
207.04640 -30.45209
280.70621 -63.20842
329.00272 -1.51694
