175.56293 -13.86695
265.98422 +36.80011
18.60389 -55.39709
195.53111 -33.12067
9.89532 +2.88744
70.28594 +73.67174
346.74561 +22.93647
175.23224 -44.48125
256.22079 +41.86550
331.56738 +47.25122
79.28770 -64.95984
87.38114 +17.64916
49.96454 +41.57352
335.55743 +36.38701
354.05881 +2.15502
19.01504 +4.29410
216.83525 -87.77224
113.65141 +18.28156
106.64500 +63.84890
241.62630 -61.42116
346.45120 +3.54511
239.31444 +5.99837
346.30676 +2.54943
320.53134 +18.66569
9.93445 +3.29959
22.99187 +33.47652
72.05269 -13.66707
77.93839 +67.48822
115.97200 +56.98690
9.60543 +3.16645
42.74857 +37.46664
158.69778 -28.49632
190.17964 -40.76337
231.48399 -30.27200
269.29434 +27.96138
59.95488 -84.09386
111.60977 -35.90602
338.88208 +34.80351
17.65235 +33.12649
71.79752 +66.05440
147.41354 -5.16659
307.58960 -1.00793
348.62225 +31.54894
101.82470 +33.59921
52.34954 +39.79221
274.14288 +25.04402
326.04074 +46.24611
346.52023 +34.10769
349.65936 +42.95801
17.26897 -45.77354
241.96950 -60.52016
29.67497 +8.34678
133.29636 +76.48607
144.50613 -20.34378
326.49362 +41.27195
334.06232 -27.40281
338.51682 +68.44167
61.91156 +3.96818
33.08247 +37.47732
147.15021 +33.42149
186.65039 +3.96465
242.25531 -59.79916
261.11386 +29.39016
354.78506 +32.08561
34.75455 +34.46239
153.19807 -27.83945
331.02823 +35.93848
263.52682 +25.34390
356.29251 +7.04213
280.42429 +34.84386
25.80908 +8.88936
20.28085 -26.72600
25.54023 +12.60189
32.13482 +6.32373
35.63065 +47.85003
79.04754 -0.14981
54.90453 +41.08361
115.63683 +49.80966
21.18252 +33.42960
293.64481 -61.14577
229.18536 +7.02164
231.39200 +18.27722
348.42407 +24.90234
128.69931 -57.64605
52.26675 +40.82402
74.33805 +78.18884
336.03842 +36.19981
67.90101 +17.44232
237.91183 -60.77467
264.41284 -59.94073
354.30896 +49.55693
145.94470 +74.85962
175.31931 +47.69078
254.52477 -21.27285
279.08578 +51.46648
178.45305 -5.16783
182.04544 -15.80346
211.25670 +53.66221
259.67618 +41.69427
110.57735 +49.29241
158.32338 +64.74940
2.19883 +33.43332
23.96775 +33.68189
80.49490 +3.48216
125.08275 +66.98197
75.65278 +86.22236
353.71420 +44.30398
29.97703 +23.64440
30.86639 +38.11693
31.92805 +45.62295
94.80547 +80.06847
206.09959 -52.36943
0.33319 +13.11126
291.63330 +50.12527
21.07348 +9.33095
148.61256 -6.95334
144.58147 -70.09127
346.04269 +20.07950
9.84576 +2.79792
67.09067 -47.81589
157.19963 -50.69925
213.97476 -52.01127
273.15424 +25.53679
94.25367 +81.13774
348.21606 +20.24842
353.12109 +23.93107
196.74854 -57.22469
52.39631 +40.86888
95.31475 -64.45884
1.16622 -8.10040
97.33590 +74.49269
115.24260 +55.42720
30.28945 +50.50708
137.07295 +21.44342
357.90305 -28.36505
89.60575 +68.46104
120.78271 +23.39186
140.43991 +64.25794
306.14920 +12.44374
92.49091 +79.92600
190.27451 +50.39344
316.16455 -12.33835
30.27756 +31.88247
341.19067 +33.46061
355.81061 +49.97948
53.68118 -19.02893
172.00243 +29.51103
309.59943 +6.99655
335.66925 +36.19454
122.20571 +57.76961
24.98763 -28.69667
117.53457 +55.38412
337.12302 +16.78324
349.26184 +30.33509
30.41666 +31.82650
193.10832 -40.70740
117.18536 +66.19736
61.11308 -2.18917
174.77501 -9.34818
45.08561 +5.71238
49.26862 -22.86664
80.26663 +4.00635
89.50854 -38.33455
121.69982 +5.30943
216.67612 -49.67245
250.28773 +61.32631
42.24515 +3.16868
337.83585 +39.35825
93.13245 +6.69674
45.30520 +44.95541
47.76295 +40.62212
139.63390 +74.31905
32.42808 -10.18383
106.00574 +29.24346
60.47356 +5.63945
36.42665 +41.95628
157.84633 -42.06061
170.91014 -13.83110
209.47906 -54.01997
165.63091 -53.64275
167.84346 -48.01995
77.54400 -0.71916
107.62830 +61.78633
211.54385 +9.35342
284.21268 +36.62397
258.56256 +43.68470
342.76205 +37.08793
0.57981 +12.97164
46.08512 +48.27012
143.19742 -5.72471
184.61043 +29.81289
193.05191 -13.41473
301.14383 +12.73945
346.71051 +28.17912
88.14782 +66.81986
4.59393 +30.07958
59.59150 -44.46652
85.02780 -40.83651
145.15160 +3.57699
21.11168 +33.79954
152.04196 +53.08348
251.80540 -0.27532
321.83948 -60.01460
39.71582 +27.84722
40.02631 +1.50879
72.62055 -3.52137
79.42760 -15.52339
110.71336 +22.58920
1.84908 +47.04074
139.63667 +73.75933
357.86145 +20.58624
182.32379 +29.92762
312.40192 +16.86558
224.08284 +49.40005
66.18732 -54.94201
86.63187 +69.05098
164.67871 -50.32483
193.71642 -10.24784
353.18121 +29.46074
47.32761 +80.13062
135.05981 +3.17771
48.21363 +4.70704
293.72928 -64.74067
341.26642 +33.99616
45.52787 +41.59358
67.28423 -53.82790
181.68581 +67.16320
233.73863 +23.50291
281.06418 +24.14250
119.51024 +56.35959
207.30804 +35.25743
267.62738 -1.80070
293.16406 +37.87427
333.28757 -64.84897
117.97809 +73.01569
190.09579 +3.11771
238.39699 -61.68288
30.96435 +25.92529
45.89666 -12.07631
1.83139 +32.60925
192.29820 +3.38871
2.17708 +37.44791
319.06042 -64.46468
28.16501 +36.17142
338.59894 +43.80894
2.94578 -5.58629
7.20913 +2.83886
42.06173 +4.57808
50.05449 -2.11413
351.98627 +8.77900
191.15744 -10.08312
194.84645 -27.42721
11.97512 +19.59684
120.47173 +50.73710
344.90683 +39.14587
124.77074 +70.72003
343.60632 +32.45170
46.47986 +4.85811
191.39453 +27.06076
95.61792 +66.57855
203.05820 +13.89234
208.50113 -7.93065
259.02197 +73.43590
304.18097 +7.39691
200.46172 -17.33648
258.76208 +43.66021
334.86545 +29.39581
355.97656 +26.07561
42.01818 +27.10310
72.09914 -59.80032
195.35211 +29.30844
139.64661 +52.51453
338.03357 -25.39779
350.09421 +27.31570
51.61489 +40.50790
74.32224 -75.42067
78.65040 -61.48150
300.75443 -55.94802
68.89095 +19.17171
317.09396 +17.82051
23.13885 +35.35857
47.16490 -3.38001
109.00822 +56.81801
244.31566 -11.73179
219.03859 +21.79350
156.61821 +20.22820
328.59610 +15.15683
311.89206 +0.41163
186.42838 +0.57264
39.42417 +1.97531
74.78917 +4.97514
136.91150 +66.57471
178.19347 +20.98932
248.32420 +35.34242
306.15176 +6.91118
2.49699 -57.02082
0.42471 +23.49588
3.62758 -7.16740
54.54153 +40.98308
116.72606 -38.30336
