19.72020 -16.80343
54.07562 +45.63749
233.59235 -8.90575
277.89557 +33.93735
333.69312 +42.18118
68.62046 +73.20483
83.49693 -71.75693
84.66717 +15.14702
57.28226 -48.85820
110.85641 +2.91079
184.10954 +47.02536
190.62982 +3.96032
7.74682 +5.15976
125.82955 -26.19706
345.42877 +2.26361
98.54141 +52.12766
39.41651 +34.43159
73.12501 +74.49601
148.27126 +19.43222
318.17542 +13.98133
44.17945 +7.33369
130.69978 +72.97648
310.42545 +55.69814
348.30304 +6.32166
32.95997 +70.44399
112.69410 +9.64689
135.95761 +85.50169
332.76828 +41.28261
46.63635 +41.48537
73.12924 -62.98576
146.57172 +5.70884
223.04326 -10.74039
71.52469 -44.73336
102.49865 +25.63438
54.55871 +10.08436
139.75931 +26.27000
51.49659 +40.78902
107.64231 +50.11891
317.81912 +37.88479
54.27468 -5.04274
116.72105 +39.03195
245.29640 -60.98516
318.55246 +2.17799
1.31967 -16.47691
38.82733 +40.92650
46.75243 +36.16766
52.29912 +41.38800
273.51468 +22.28379
67.33350 +69.53117
4.89635 +47.24103
100.87820 -72.59460
334.15610 +86.92971
35.38501 +32.54451
55.59560 -35.15353
262.08093 +14.16892
311.78680 -38.08854
3.23482 +22.10027
10.26522 +31.73270
15.71819 -4.76188
356.65768 +3.79981
243.50400 -60.99099
87.92632 -69.93013
205.09062 -71.12916
36.31777 +42.08988
76.17443 +23.47679
193.79025 -8.85856
194.25902 -20.50484
21.12375 +56.18221
14.66497 +50.04510
30.98582 -23.31162
107.89024 +50.24835
320.62216 +15.28205
29.72835 +36.67496
114.39680 +35.60575
241.55843 -61.19137
92.12663 +64.72369
228.02133 +67.36267
301.32324 -56.25618
67.74200 +5.54238
127.12051 +85.60811
159.22495 -27.91704
172.20990 +20.79510
55.89199 +41.07353
258.15240 +38.02039
274.16940 +22.11281
312.11511 +7.73997
356.38437 +27.36093
285.95477 +33.84470
320.06525 -4.87651
54.28732 -35.19503
104.59617 +35.84059
358.48642 +28.49267
61.83284 -62.89931
70.90382 -44.97523
143.43073 -11.32200
204.96796 +0.83959
257.77438 +5.85224
39.01847 +42.42095
301.06100 -38.16712
340.30106 +34.24903
249.39301 +50.34552
334.33224 +35.57116
0.09211 -80.79286
252.48285 +53.95386
22.07819 +34.30863
192.35963 -41.48930
204.41272 -42.84697
241.20990 -59.98214
37.19111 +45.97064
188.90250 +3.03452
265.44925 +23.67221
278.25610 +34.06047
29.61737 -56.25611
239.28238 +63.91748
41.29036 +32.98975
83.39522 +6.27331
319.63815 +22.74584
336.77408 +36.36160
44.29491 +2.77507
168.82054 -13.73297
348.10776 +34.88151
98.38961 +21.03710
191.99321 -22.26845
243.02272 +14.20880
349.49637 +9.68019
210.19351 -45.41856
58.57945 +17.58501
146.42282 +4.94190
4.90748 +29.93387
18.20209 -58.28227
189.96629 +15.29780
193.11424 -15.51861
252.07724 +6.31222
134.63684 +28.26726
140.81079 +40.16387
209.64018 +37.45350
69.44861 -51.42318
17.75354 -55.87067
37.32285 +45.91134
44.96082 +2.77136
159.25038 +18.13582
96.42479 +30.65635
219.82713 -52.22596
70.65044 +69.21650
175.07933 +17.76575
204.06407 +38.34299
318.73349 +2.83484
17.19870 -15.84516
45.98601 -39.44042
74.44724 -73.23083
300.73297 +53.88507
45.24774 +43.01758
199.90857 -12.69897
343.81918 +2.24632
0.36155 +31.43374
44.11983 +15.91610
69.28159 +12.35265
261.77896 -60.87912
330.77780 +11.19931
335.94803 +32.40303
2.75444 +30.05207
72.92342 +5.50560
173.81789 -49.01128
193.09396 -41.28193
339.43423 +34.41004
111.25003 +49.49237
167.73817 +19.18263
295.19092 +50.89075
346.45413 +31.08724
202.33984 +11.73512
204.98183 +28.40059
272.54141 -0.17212
239.37408 +15.87263
246.06229 -61.09487
1.30788 +6.77199
80.21758 +8.86463
80.72338 +72.96289
178.15305 +23.58250
259.03641 -19.77570
292.74252 +46.71225
241.97208 -59.22695
347.50180 +42.56652
8.63578 -43.65612
49.79925 +39.44334
116.72958 +39.01518
179.49710 +23.20200
333.93747 +2.06595
49.92970 +9.75221
75.82654 +18.45254
221.08662 +12.13202
221.86111 -30.64530
279.38309 +36.85545
41.24094 +32.70628
207.85783 +59.86336
225.47397 +25.96462
246.16620 -61.21960
32.41396 -6.92220
104.04378 +84.07890
210.55717 -53.54084
252.33755 -17.64460
258.20193 +42.81488
236.63704 +72.16922
248.99490 -5.11777
299.39032 -55.57791
346.83417 +36.36253
350.30444 +7.36643
293.10443 +41.90424
324.89423 +8.87686
25.08997 -28.91275
30.07940 +24.47369
34.34610 +38.41382
35.36960 +39.37566
192.40770 -41.38826
223.82256 -51.57084
259.88855 +11.20737
299.87457 +1.09702
36.54659 +26.05543
211.18010 -9.71363
252.25653 -6.79101
306.67517 +2.69535
35.24623 +32.83985
67.79259 +7.63090
119.21214 +73.78667
125.78413 -77.85201
251.39339 -27.18996
63.21854 +2.36964
76.22071 +59.98726
272.18997 +11.82929
26.37180 +10.55280
157.19632 -35.65809
34.05328 +32.64951
159.90210 +47.39797
280.52130 +20.14144
355.69336 +27.05295
123.00677 +19.36462
195.79144 -39.24877
208.21951 -1.89534
63.89781 +1.18090
36.66030 +50.04505
348.64377 +4.49835
4.85977 +6.44934
82.60992 +5.18381
96.60994 +77.39078
139.59688 +69.81123
29.19846 -3.73713
117.85911 +14.02046
261.51559 -80.19512
107.29971 +20.60287
19.02509 +30.34909
47.55385 +40.76566
75.00070 +53.82996
193.97600 +63.61185
260.67044 -18.56109
288.65558 -54.22789
113.77853 -46.92596
316.67053 -42.55706
43.45319 +39.57806
218.43173 -14.61969
120.93006 +9.95986
175.53787 +20.31571
350.61932 +29.18096
38.23489 +21.89349
67.87836 -29.75040
68.23708 +59.77350
103.08556 +15.24912
105.17961 -21.24679
198.92395 +2.87906
11.73334 +32.67533
20.73142 +9.04919
21.30014 -38.09452
49.50167 +11.77553
67.10989 +39.62584
185.79564 -13.20463
264.02414 +68.15584
295.84415 +2.41608
28.19132 +36.61932
68.47505 +16.91207
159.78580 -46.50549
160.02518 -46.11568
224.74326 +49.82141
241.64130 +72.49435
273.02310 +29.15589
29.63612 -26.29371
62.29970 +8.64881
112.56735 +24.48788
151.69250 -47.69635
289.23672 -53.70068
343.44189 +1.37199
25.00117 -28.03416
98.25957 +75.86751
119.00279 +58.43024
124.35744 +21.68554
124.40091 +59.95378
288.06598 -63.97664
303.91617 -13.62194
322.95175 +3.58800
111.81050 +52.94855
130.21021 +73.48668
208.63948 -53.31118
209.85318 -3.20923
