64.12524 -47.84877
97.93768 +26.00549
144.92035 -0.23511
170.39877 +18.45827
200.24535 +80.37540
270.39008 +26.25299
70.53041 +5.46694
181.83559 +17.26154
196.46919 -49.32642
261.72495 -64.89353
346.28131 +41.95547
42.44165 +41.05181
52.82646 +35.46635
101.60009 +43.82480
134.57732 -65.36749
144.72900 -4.86592
235.20149 +28.29206
278.39203 +59.88823
14.28000 +7.50709
274.95355 +63.67955
319.36633 -42.33970
3.19986 +22.02339
142.33771 -60.69476
277.02649 +78.75027
300.92282 +7.16301
356.82886 -2.31350
9.03821 -3.52136
27.90105 +19.10351
193.00487 -41.27944
305.81946 -21.18707
59.74730 +43.34712
59.88898 +42.61660
117.82407 +10.83308
354.90024 +21.91613
107.06207 +86.65793
128.17137 -24.04215
233.14616 +83.07875
250.11411 +23.77478
272.65640 -56.27778
28.72413 +36.91793
34.92183 +36.62684
94.76762 -16.94727
119.30199 +56.67652
182.95918 -56.90892
208.69171 +58.66650
225.32634 -4.55482
247.23444 +64.20695
285.68939 +27.30734
300.10641 +6.69402
12.52984 -52.12484
22.26234 +32.33224
43.60157 +41.60560
46.13631 +17.68230
94.99074 -64.86478
106.66744 +48.49053
114.33131 +19.97612
253.53647 -7.63532
257.35822 -25.70890
291.39996 -62.93273
356.68103 +28.03261
359.93222 +28.29038
63.84892 -0.96726
75.97550 +55.32052
123.66697 +49.06144
174.43716 -7.26756
269.71573 +34.00592
27.19383 +20.26519
210.48534 -55.79185
266.57178 +35.57197
352.77286 +21.41152
20.55503 +33.26033
140.93759 +24.51841
145.70215 -42.05588
214.86125 +71.58823
234.12553 -16.27362
32.48169 +10.76199
51.97586 +2.56167
59.18892 +8.08630
61.03601 -82.34171
249.43347 +49.44590
272.29510 +30.32679
299.22791 +50.16689
18.97237 +5.32564
20.43070 +78.62781
27.21850 +10.58994
85.55559 +15.21578
146.68858 +13.77318
252.26509 +68.75756
33.31937 +53.41174
58.59019 +17.55634
257.08228 -25.22825
259.10870 +37.34494
286.84485 +39.93082
321.36075 +4.31413
340.89145 +4.15115
36.17562 +25.56108
38.25271 +23.09303
120.58979 +6.87857
355.48108 +30.58176
8.42430 +39.54478
47.86216 +35.45825
49.97071 +41.30233
55.70784 +13.61172
355.93631 -14.71421
61.33881 +22.24030
89.03209 -38.15378
93.95599 +64.43067
200.87627 -56.30843
217.09364 +11.41800
269.91879 -63.69664
348.08466 -1.53266
144.72505 +34.29973
194.80534 -55.88409
354.12445 -4.90881
350.30905 -21.23609
355.16238 +20.44121
120.37015 +55.59921
178.15898 -5.20700
246.75986 +7.56170
315.17676 +17.80490
340.34521 +34.62170
35.10069 +36.99483
62.16783 -49.58313
319.20108 +15.04900
356.38821 +1.68876
28.59330 -0.62836
64.77785 +3.18902
71.60671 +0.36639
107.84387 +71.83635
180.31660 -53.42271
258.81360 +43.29019
260.19894 -1.11178
338.50311 +23.33861
50.14395 +37.49494
195.52939 -32.78717
329.74600 -27.41392
348.01495 +48.81653
76.19449 +4.47931
121.07799 +77.81664
209.39507 -52.77177
256.54269 +7.78041
108.89771 +15.14353
256.35733 +75.40731
52.67033 -3.13773
100.34606 +32.92738
108.94462 +4.77307
261.28763 +37.75990
342.49890 +12.05796
350.01154 +15.95274
30.47761 +46.33072
211.57558 -16.64125
212.98955 +72.27448
290.83344 +70.35599
339.57666 +18.58747
340.63904 -37.18539
357.73480 +27.08715
37.65470 -24.08210
52.62048 +74.94841
258.21387 -24.25271
19.82547 +4.57804
70.07289 -58.74429
119.38544 +59.08399
150.97124 -44.53743
163.01765 +71.77306
281.32675 +39.10311
55.32306 +15.39658
172.15088 +26.90585
199.27554 -16.25218
220.11652 -78.80921
359.06387 +81.75150
34.99468 +1.93024
140.41077 -59.43364
171.04475 +69.41308
176.84526 +60.30042
293.11948 +72.46625
56.82718 +40.86072
70.13871 +4.19594
239.09836 +16.52342
306.60693 +2.90973
28.90247 +21.31763
44.58758 +6.09517
103.27886 +50.03417
218.98825 -51.91824
257.13644 +42.33913
1.95367 +35.36230
5.61038 +29.50426
16.32031 -58.43752
40.54129 -51.90401
108.70982 +16.98160
130.97092 +64.97027
222.36630 +27.78065
111.58121 -35.32986
215.92979 +28.34738
283.09964 +28.79202
326.47925 -72.93208
45.79328 +27.57343
100.92702 +28.45463
105.85110 -60.25620
241.15649 -60.77554
256.09836 +28.46318
265.56192 +68.34832
346.75363 +35.77737
3.43932 +48.15126
6.24500 +43.66275
44.16292 +47.52574
86.48680 +74.09982
116.73309 +7.29634
234.37590 -16.59072
18.09087 +33.36441
92.91795 -33.12446
102.14967 +51.84124
109.06812 -28.34280
133.90195 +72.71629
134.70932 +41.58014
256.67233 +4.90427
311.35303 +6.07352
349.59421 -4.41616
32.30918 +25.57079
44.07370 +75.08828
133.73856 -58.91916
173.78548 -45.37994
240.39198 +1.70783
349.87521 +9.50822
21.15186 +2.04423
171.54414 +52.12501
331.85733 -10.71203
358.83975 +21.58806
17.04749 -47.13573
45.14582 +11.84277
52.75494 +43.24751
101.02904 -27.17537
101.88692 +47.65468
190.72493 +20.98965
223.62982 +3.28211
315.70844 -45.37526
344.63562 +35.80242
352.47900 +32.64974
29.52205 +3.08363
48.10957 +19.24606
110.28720 -34.39394
214.49457 +26.41260
318.65701 +19.00549
318.78717 +12.65878
85.42588 +6.68063
104.69762 +29.00959
134.04070 +62.35001
141.51361 +12.73442
141.65013 +62.40883
251.15363 +75.67305
267.27881 +8.10276
338.27621 +8.09747
33.75068 +30.77877
43.81188 +6.17771
44.14342 +46.08800
177.19144 +29.64124
345.03928 +31.40900
37.25455 +38.09848
39.12614 +32.71534
49.72899 -59.75599
187.49741 -14.62243
240.52945 +70.41709
1.37093 -50.27031
51.41621 -52.78549
59.85468 +6.69798
67.42689 +3.68204
198.29138 +50.57610
224.89153 +81.40050
244.07886 -60.95656
254.35217 +68.45712
338.12854 +8.20713
345.31595 -61.52562
346.84521 +43.60394
31.13272 +45.77290
43.75238 +16.01240
56.91759 +1.08731
150.66116 -45.49833
205.30370 -14.64455
244.93225 +31.28131
260.99948 +21.13707
39.63403 -6.90209
106.99678 +71.55445
155.80553 -3.23390
205.74985 -19.99461
258.78644 +8.45627
285.25204 -53.96951
64.30447 +10.45559
328.99673 +5.90250
94.00400 +47.09843
220.48129 -43.61897
314.18094 -43.98603
22.88023 -12.65417
320.24918 +3.98541
347.64969 +21.71142
18.71868 +1.91744
29.85439 -67.78770
90.07188 +35.75035
100.67681 +53.16139
109.94488 +30.91553
179.73712 +30.41361
193.89030 +8.24050
