98.21677 +47.52578
278.43228 +38.61812
11.25863 -60.76036
113.89048 +12.30399
159.92909 -46.33854
169.82370 +47.64827
348.59778 +28.44452
350.70087 +11.37287
7.68758 -8.41512
43.51471 +6.25791
50.08574 -2.08081
56.74219 +1.41605
173.65640 -9.64651
259.79950 +34.20068
289.30869 -46.68874
26.14772 +37.69578
100.89485 -23.32306
149.09633 +20.47736
244.25148 -60.87348
252.56364 +53.55206
332.64166 -22.65601
37.19552 -43.07456
49.77538 +41.08255
69.95562 +36.83420
100.02953 +60.08067
170.42038 +72.83345
181.28221 +76.13315
255.59679 +44.84467
339.88388 +8.61283
225.93874 +26.10078
339.09317 -24.34690
16.84350 +33.06729
18.91788 +56.89535
49.78886 +4.03850
53.02343 +41.59139
110.27227 +29.33851
29.22863 +33.01516
69.34094 +9.54448
139.69817 +27.95638
217.09494 +78.88557
244.88939 +57.61497
352.12582 +17.27789
44.02682 -14.18663
54.49828 +12.20650
101.55153 +43.79253
265.89316 +67.60355
359.74530 +3.63464
48.13749 +12.38456
282.20483 +73.36403
319.92184 -45.11754
36.00761 +41.99609
77.19881 +13.26065
139.25270 +20.03641
153.21042 +12.66667
331.47745 +20.63934
335.66751 +37.97758
71.95834 -62.61104
95.93987 -60.97899
182.15413 +38.83178
217.32494 +30.83222
3.57920 +48.14320
34.54578 +37.09618
100.96288 +25.84248
114.49060 +10.19321
117.15347 +55.81637
140.89340 -42.76156
208.20943 -30.70999
359.49695 -29.86636
20.82973 +33.27757
37.20436 +38.16689
85.39507 +50.98345
274.07538 +47.83603
343.68124 +11.71411
74.86289 -16.55953
110.78250 +2.76594
236.74901 -61.46436
263.35968 -3.36662
291.33551 -0.13824
30.27329 +6.52307
94.86969 +28.59863
189.12654 +26.20025
16.81086 -46.62197
26.03396 +34.38730
33.85513 -17.78105
92.19209 -33.91631
109.74754 +30.54800
188.70374 +50.80516
197.37698 -57.47108
326.91266 -6.36384
332.89282 +11.79594
345.61453 +15.55405
10.83754 -55.32692
21.38345 -1.50262
95.98002 +78.53012
233.16254 -17.60266
264.67508 +21.67510
272.46130 +61.42195
4.10379 +30.37370
35.52817 -34.43315
76.50108 +2.50250
192.54810 -41.22098
339.62604 +35.37804
357.81409 -2.82147
33.64220 +37.40794
103.95631 +40.00026
172.25978 +17.23204
31.23131 +43.15499
79.19242 +6.62271
130.39818 +66.44752
207.15526 -7.40773
327.80698 +66.26230
359.61838 +28.03411
20.40551 +32.60611
57.13604 +35.15023
121.74427 +8.00388
312.44775 -51.98545
313.28970 +67.17581
354.95578 +27.37625
146.82602 +72.98402
333.82974 +37.30149
346.28156 -3.20450
38.00111 +23.75585
39.61425 +1.90769
39.99160 +28.32543
41.60154 +35.22849
58.55692 -8.74176
60.54411 +21.95270
97.62232 +74.44427
110.78072 +22.20801
206.17534 +55.88696
347.95493 +12.94039
46.78767 +41.74978
111.30247 -26.98269
155.62512 +36.59930
211.02452 -6.86056
349.41479 -34.79081
42.33725 +30.66724
54.52864 +15.74473
20.86006 +1.70572
37.03758 +32.35872
62.15752 +69.83785
100.80363 +56.91280
156.82314 -49.12779
258.60092 +20.31393
262.31653 +52.18759
276.20282 +23.06662
276.63684 +22.42019
354.88528 +28.91834
24.11514 -36.37741
80.25112 +6.55774
140.55350 -59.47457
146.51511 +16.48505
192.19333 +41.92127
214.71774 -19.56758
274.62128 +36.32037
340.66391 +29.72536
39.07578 +35.96762
56.84520 +45.96934
142.57056 +23.66303
164.61601 +24.37338
169.47791 -1.94643
170.34601 +34.35677
203.02330 +1.59727
254.32637 +28.18771
353.77704 +21.63550
9.76912 +7.49267
26.48260 -76.47623
113.93095 +11.70979
198.70142 -55.37323
4.55039 +13.19226
22.69434 +21.44042
28.02836 +35.41477
48.87561 +41.25125
54.18854 -36.25623
67.92392 -5.06030
77.56080 +0.90592
20.22286 +4.80148
29.41217 +36.25535
64.43678 -50.16444
99.68767 +53.35551
103.29352 +57.17778
111.95293 +56.98561
146.65997 +13.65892
164.46901 -4.36245
177.38507 +75.99586
178.10982 +69.87702
248.61021 -58.56443
256.08109 +41.94195
264.64954 +39.21751
335.92300 -63.15124
162.88106 +55.39100
211.45461 -53.72269
353.45877 +4.87080
4.74464 -22.88036
9.91470 +3.44290
112.51791 +54.43430
203.22600 +9.52035
278.42532 +48.29297
16.29578 -46.35448
41.67367 -25.34666
48.59828 +46.18055
3.07860 +31.06108
209.26997 -24.80695
1.45172 +27.44943
6.83343 -4.89138
38.65346 +34.86943
50.12872 +41.50899
112.80122 +18.24415
166.73598 +7.17392
173.48140 +23.64375
202.15768 -37.57327
333.76141 +16.36787
0.89590 +23.20078
33.61996 +17.19718
212.95459 -19.85367
268.76208 +28.51478
99.53374 -11.62699
103.15411 +45.78063
18.90873 +9.30701
38.52082 +1.35152
113.78180 +65.00907
188.45909 +77.71143
325.49567 +22.71351
344.22165 +53.87700
348.95804 +9.51637
8.45944 +30.72343
10.12751 +6.91743
19.01868 +46.73050
20.19304 +33.04486
44.16850 +5.91294
46.93549 -4.31929
51.84032 +49.98370
95.00407 -37.19481
106.78400 +50.39299
172.94127 -9.67258
258.23230 +40.26651
293.36365 +35.82489
339.22949 +14.41231
20.66404 +5.38725
58.31742 +32.29874
66.71522 +1.70450
79.79832 +4.80584
121.66561 +73.34357
14.71260 +42.54926
41.34757 +11.45812
119.96368 +56.91502
325.61194 +13.89975
355.21246 +4.58816
26.59177 -83.39960
44.54866 +5.83664
146.51683 -3.97183
169.23424 -6.21945
188.22249 -5.71666
191.58348 +83.40909
241.97079 +69.90482
255.84300 +12.24650
262.64581 +23.62466
19.75976 -17.06040
25.12930 -32.70143
37.62920 +22.94966
49.56846 +41.73492
347.95953 +31.02121
42.09150 +41.61348
70.11102 +36.57642
168.88881 +5.11541
208.87401 +25.07366
269.38474 +45.26228
273.51205 +49.04417
309.19711 -45.30812
80.43552 +84.48225
207.62135 -52.94657
219.53920 +66.33804
278.02887 +37.61357
339.13699 +25.76318
188.69493 +47.75893
247.13156 -59.01028
248.24693 -58.20319
277.82364 +34.41954
336.33813 -31.35566
36.87981 +41.93079
47.55775 +19.26893
163.58575 -4.34676
351.14099 +8.61615
14.52177 +30.42558
41.30630 +32.97814
63.24903 -32.55328
75.98409 +31.56462
111.40521 +29.95410
273.92920 +51.78724
358.10080 -29.02300
12.00958 +29.95736
28.62516 -49.54239
164.20525 -47.65852
328.33200 +15.55224
342.41287 +44.00230
351.34235 +28.85680
359.15527 +27.10484
0.08051 +22.99055
20.14937 -17.38704
50.29230 +19.81230
