82.35365 -85.92858
87.10085 +14.05663
167.47691 +24.25691
259.31677 +40.57943
269.27112 +47.74137
276.31555 +20.91300
3.34894 +28.36902
17.79722 +32.70179
74.21769 +2.79805
80.35094 +15.24114
180.28699 -42.74678
197.59369 -7.17070
261.35477 +10.27855
263.29831 -76.41265
274.33899 -37.35435
318.19876 +8.78233
352.00433 +32.16275
20.85037 +9.43354
31.02056 +2.78683
79.05717 +6.44761
145.43185 -60.79888
224.33894 +19.67286
268.67191 -60.91121
346.10324 +17.95315
18.56056 +15.89835
22.94496 +38.71704
166.82739 +76.69493
172.23740 +73.03485
342.38876 +32.36741
124.93330 +79.23483
150.67078 +70.74181
193.20515 +47.68511
297.86374 +3.56097
7.43213 +21.47683
35.34878 +16.56655
50.92897 +36.91960
224.71870 +7.00730
259.48398 +48.46775
317.76578 +22.91044
2.80934 +28.90648
4.94728 +9.16693
40.11917 +2.47872
45.85054 +4.49178
66.81724 +32.62514
102.48392 +25.70489
39.09909 +31.71140
88.03239 +16.19867
157.54741 +43.36104
196.98149 -56.22425
3.64241 +28.45044
31.53296 +49.90939
35.29895 -42.00161
106.97807 +13.08754
346.01111 +22.62425
358.85901 +47.28021
9.47550 -6.41283
29.55841 +19.09998
36.30923 -40.42410
139.34537 +24.88747
248.62488 -67.31165
11.80953 +23.05353
27.56452 +33.49560
46.54069 -8.83322
57.99617 +17.80581
255.56705 +30.70338
31.07731 +28.65591
47.02726 +30.47471
79.17298 +6.49377
121.81128 +4.46965
192.59473 -14.32187
267.67438 +14.82176
291.53961 +84.05520
174.26898 +55.58231
179.74577 +54.23900
245.42618 +55.08610
255.15077 +47.26485
272.91101 +25.65764
345.85211 +24.59707
348.61996 +4.19224
348.88376 -38.53559
207.58640 -8.45603
217.23729 +11.19689
250.80649 +74.70701
279.10828 +77.09093
323.10455 -34.37281
16.88649 +39.40013
16.93716 -46.86361
252.74521 +81.57473
343.54016 +8.53243
15.32057 -57.79790
42.22376 +41.77798
113.00191 -31.79761
289.36206 -1.77802
326.74789 +1.71274
335.78827 +32.14872
347.56888 +26.62102
11.81673 +7.91003
44.19555 +4.97783
253.04381 -28.29900
255.79465 +51.36711
350.20642 +1.73901
30.15078 -25.05117
103.29803 +22.31188
120.20720 +27.50032
252.55826 +55.38462
279.45966 +37.47189
352.31311 +26.37893
35.96640 +25.54206
269.20657 +70.29077
350.13095 +29.30716
6.79613 +1.33371
18.56186 +37.95641
33.27522 +22.85579
90.52180 +36.10443
165.79590 +41.70517
192.25635 -9.45704
195.96025 -72.12299
199.80022 -57.07512
1.49485 -36.13650
43.71137 +8.78440
108.29298 +18.99603
109.99305 +22.09213
152.62663 -41.92532
177.83746 +21.88916
180.40074 -53.35763
1.28355 -50.82141
38.79214 +20.85146
125.73266 +4.12174
159.13271 -27.22095
247.28815 +8.13442
305.11688 -0.70996
339.68497 +37.59712
12.03610 +28.61387
27.74370 +21.99750
32.74899 +37.82386
42.53688 +12.84364
105.76517 +18.48724
210.88019 +9.22090
247.61195 +40.72504
18.79929 +30.19484
31.91574 +2.14966
44.29813 +45.14341
174.83626 +46.51342
274.12677 +29.90402
275.71121 +51.31922
349.70807 +7.04610
352.51248 -31.15636
27.28578 +13.05982
27.31245 +20.71129
42.77686 -14.72295
231.30083 +7.15480
254.41612 +40.70734
132.81161 +71.85234
153.16768 -64.03145
206.56502 -32.97332
226.37132 -49.56887
260.58209 +2.01842
334.14319 -26.82040
34.04809 +17.97137
47.12805 +20.77233
65.43729 -64.22285
67.12843 -53.73792
245.06282 -61.01249
327.70764 +2.02072
346.46426 +31.06355
0.61004 +3.35193
3.55358 +22.76650
22.60798 -26.78004
44.28839 +5.32091
55.95388 +14.31826
86.12358 +69.29898
96.40437 +65.33323
99.03418 +39.41447
105.89612 +40.31770
187.11365 +18.41529
216.80083 +69.89898
237.75076 +81.77644
273.04202 +64.98252
282.57684 +73.35149
312.62082 +9.81578
351.17056 +14.63203
107.71490 -35.38614
110.34985 +22.53207
210.35289 -9.82417
345.04022 +31.37513
352.50473 +27.08677
64.32913 +2.43331
76.77712 +3.97858
211.77309 +72.16904
303.01630 +5.76368
27.93925 +33.53738
30.42358 +46.40462
42.00937 +43.03383
50.01586 +1.36153
107.10121 -23.79316
287.63107 +44.31034
326.77750 +10.13941
335.38248 -37.03139
6.82178 +24.16925
14.19064 -63.48771
238.74574 -62.40792
358.13275 -30.18108
32.23108 -56.73705
61.30125 -65.83980
87.88007 -11.31466
188.66257 +7.15727
210.64432 -4.92889
247.12234 +82.89378
348.30765 -2.10037
351.23767 +52.24235
357.51089 +36.85046
11.03283 +30.35094
48.37193 +44.13144
51.10159 +25.68285
100.69373 +52.84896
171.70212 +35.25087
174.55403 +12.11192
212.56302 -17.83715
218.64572 +77.96661
250.14076 -67.45195
252.47551 -71.20222
296.74680 +56.91066
35.37574 +15.76162
37.29905 -11.02470
37.50003 +28.63367
38.32127 +32.74672
76.26247 -61.48450
95.17841 -16.06115
194.32643 +70.20345
216.79175 +35.92077
234.43831 +22.42628
284.41949 -52.52882
41.64886 +32.44927
51.93851 +46.93624
108.08380 +23.38037
271.06485 +7.04096
284.23166 -61.39978
325.58356 +14.80828
0.24550 +28.91172
26.83497 +2.83293
92.64825 -70.34759
250.21588 +65.78967
29.45896 +37.36173
31.89219 +2.11532
38.41134 +6.47331
101.11536 -17.93249
117.90702 +9.78205
125.14612 -1.37630
132.24973 +70.10968
199.13596 -15.30316
260.97369 +48.47903
5.39233 +38.09296
22.79358 +9.95073
111.78960 +33.83188
263.82910 +6.16851
318.04221 +11.65948
355.82019 +8.71060
15.33838 +31.50772
84.58932 +47.61422
27.87146 +36.06594
100.81126 +65.67751
114.26324 +22.35268
146.13724 -31.79193
7.66294 +12.68052
11.85107 +28.35225
20.94940 +33.05533
206.90518 -20.95876
280.96579 +42.62383
349.68134 +18.69833
357.13187 -26.84602
20.86803 +30.78446
60.25314 -52.98493
76.42105 +76.01980
129.49367 +66.13734
187.45172 +64.03378
318.02829 +13.00043
342.37140 +11.30302
1.27763 +5.20354
41.01189 -26.18640
59.86075 +43.31204
208.06841 +2.10852
267.76614 +51.02293
5.00812 +21.99971
17.27411 -16.00030
21.48455 +16.60182
30.35300 +15.64652
101.42199 -37.52071
209.21800 +15.70223
209.56897 +59.81456
216.62743 -54.36800
216.74266 +12.89913
0.87179 +27.35172
37.95573 +9.73619
44.81215 +16.03824
193.12274 -39.14606
205.29649 +30.37809
229.53584 +13.82866
341.03876 +10.07020
17.26665 -74.51550
29.52332 +37.57786
