285.89835 -53.17178
9.41615 +10.35798
40.14817 -20.39725
68.52650 +73.29913
118.30842 +68.09728
169.89557 -5.40305
175.20015 -69.12878
271.16006 +20.09706
272.95004 +21.42826
328.88559 +42.96817
332.95538 +2.43986
46.11513 +7.60337
101.39667 +29.22284
102.84882 +36.91317
148.89293 +19.29629
149.19766 +53.15231
159.12177 -27.39344
225.17917 -48.04792
255.37253 +48.42592
328.49600 -29.28909
346.47253 +16.89309
23.01900 +39.19571
127.33512 +67.18291
132.81642 +19.34204
186.69469 +7.91900
193.13763 -15.51691
248.10374 +76.73955
248.26682 -59.47006
266.61612 +30.70475
21.32450 -1.51747
191.73642 +42.26656
218.81213 -69.73330
0.22191 -47.35680
24.19164 -14.05289
83.15317 +66.03651
109.30731 -28.91688
110.78448 +55.62733
137.75703 +13.41411
150.20697 -64.06081
273.02887 +25.59539
347.05148 +13.03362
348.97162 +5.12850
3.96906 +19.77430
5.36903 +22.55641
101.44451 -31.23040
331.44034 +16.76776
345.99133 +27.30227
7.62777 +23.11683
135.55212 -58.91322
142.44662 +21.44246
182.71344 -55.34542
242.55063 -61.26693
350.45532 +3.82856
350.84128 +24.75082
13.68832 +16.43810
40.88612 +31.78997
76.07395 +4.65138
86.13844 +79.58923
94.01682 +47.15819
121.03329 +62.98389
122.37618 +5.28068
334.12820 +36.45863
357.60303 -27.94053
35.01254 +41.70341
104.67720 +25.19681
237.64203 +28.63848
10.92497 +23.47627
181.34659 +17.88597
218.54079 +27.94671
17.07772 -47.07212
32.83055 +15.88380
36.72751 +23.79966
60.87442 +26.36281
99.12796 -37.78416
100.91393 -27.20495
127.77951 +9.49535
139.86075 -59.57367
151.24767 +79.27154
165.50789 -6.96702
174.22755 +17.88860
245.46764 +38.93242
314.75201 -39.46159
50.67152 -4.18655
58.73118 +18.38415
119.23119 +58.87814
200.73712 -50.00697
312.52795 -51.90077
351.82846 +37.22184
121.86511 +25.13314
164.88031 +75.19128
201.61826 -53.91117
225.30751 -47.98671
82.18642 +49.88341
149.92769 -31.21623
197.10201 +35.20643
268.83752 +31.84719
303.21191 +79.40642
331.32742 +34.98924
102.00043 +51.15040
111.19801 +7.19990
153.57829 -64.90626
216.88162 +69.93626
320.15518 +1.09247
20.46319 +33.28267
35.65595 +25.93982
42.10846 -29.59431
45.16772 +32.65630
142.88675 +69.75874
209.15410 -70.92752
266.20352 +61.91056
276.11075 +20.90255
323.64197 +18.95085
7.20134 +11.64249
38.95713 +24.45726
83.58290 +6.79085
348.88788 +19.04813
9.91606 +3.53629
29.46253 +44.91858
41.90860 +16.83583
194.23334 +84.10255
208.64105 +71.27599
71.57073 +76.41890
125.36652 +3.16928
257.55734 +39.01463
328.85706 +34.51112
351.23688 +9.47506
9.78499 -14.17283
40.07995 +32.26225
85.16621 +16.46119
103.33843 +30.27765
136.16257 +18.46442
154.41603 +74.34739
178.09593 -5.67366
266.81946 +61.30898
267.73166 +17.14096
296.79758 +62.52494
319.45624 -66.42767
340.54196 +35.92759
348.20480 +9.17737
68.31496 +11.93470
78.03617 +5.46202
106.13730 +45.33783
170.44685 -4.34428
173.26624 -55.55061
217.65044 +11.87667
224.61058 +8.20837
248.78833 +46.21391
254.78607 +28.99199
337.79468 +35.37518
8.74715 -2.83964
9.59670 +29.47258
35.89206 +26.55705
58.35567 +17.17952
165.09909 -9.98247
192.09488 -41.12305
320.88901 +17.58370
331.85095 +7.03998
345.17004 +8.46775
78.35465 +20.55708
88.74472 +39.09269
128.43970 +56.81926
151.68771 +31.09772
157.46124 +69.08405
317.91187 +57.28497
344.92435 +26.20487
353.14401 +6.85053
356.44003 +29.59978
17.35808 +16.96051
40.86185 +16.66283
41.10390 +37.49208
75.35500 -44.88068
107.42397 +36.36919
114.51102 +59.53367
230.75642 -1.34717
261.33615 +60.02024
328.91776 +24.89782
7.61943 +5.86123
11.61738 +31.80903
29.07734 +4.07628
87.08165 -25.28162
155.23804 +25.36484
197.67337 +20.53678
15.16543 +30.12476
34.06015 +18.31109
64.43499 +1.56473
75.92972 -27.24533
100.19875 +33.59856
161.87708 -1.49251
174.81807 -53.55359
245.79890 +1.75439
267.08984 +54.14903
270.44138 +28.42442
0.12003 +32.78236
4.10036 +28.97652
40.86110 +41.40676
53.65672 +3.59300
128.63968 +75.15316
153.62216 +65.93657
256.79184 +34.26978
261.63031 +71.09627
359.24170 +10.82447
29.20951 +31.70319
60.12249 -49.02985
87.86227 +48.63824
97.07719 +24.29305
109.30611 -28.32044
136.13959 +51.61419
169.74501 +22.88649
197.76176 +78.41328
266.16089 +56.49608
300.61682 +1.64765
344.73889 +20.39128
354.79962 +27.11535
0.26987 +4.54060
36.86390 +24.25879
44.13690 +15.91029
158.46042 +40.29131
256.70807 +2.24423
179.37686 +32.33416
208.16580 -1.99767
30.98415 +19.66871
41.35260 +2.88053
42.14837 +12.00865
73.05478 +64.03745
243.81430 -60.93758
324.86148 +2.82711
352.16266 +35.42658
20.47954 -16.37036
26.44844 -27.91656
32.01646 +28.33214
32.66259 +41.51821
55.68673 +43.88610
177.36319 -68.69388
186.45384 +33.54675
265.30219 +45.15201
311.24619 -76.98470
51.94300 +9.11516
108.71751 +36.07936
118.29601 +9.39925
185.05966 +17.34664
293.40170 -59.78735
338.28812 +39.15572
26.12398 +12.42945
28.22473 +36.05288
40.71704 +7.59775
48.21216 +18.79451
69.26207 +16.40569
72.59679 +12.01697
103.47858 +19.29968
108.59097 +35.39877
108.84325 +36.03827
174.94815 +19.93336
351.88098 +12.38520
359.66879 -17.55886
73.78958 -16.14982
79.34544 +6.87739
154.77734 +66.71984
317.68942 -23.13514
321.19183 -42.60434
353.59637 +34.62490
358.37259 +11.31763
11.79291 +23.07380
13.76008 -13.67819
20.73791 +9.46888
40.15107 +45.65337
60.65788 +25.23283
65.25365 +40.71144
109.33523 -34.95824
136.19675 +22.02842
228.39218 +5.44749
255.48930 +6.66598
281.84607 -63.31035
287.33850 +43.06432
317.91681 -23.16160
329.64993 +12.03897
333.31189 -53.22845
72.14169 -47.81644
138.09549 +12.49800
162.89034 +76.91961
169.47908 -2.09200
209.10358 -0.24756
214.76607 +7.03169
242.78140 +38.25136
279.38446 +33.28097
1.09063 -8.04318
3.20883 +77.79539
20.08298 +16.02017
44.29973 +7.73399
54.21873 +13.40661
60.07746 -67.80682
109.21985 +67.11118
174.54404 -32.86301
232.29228 -39.25372
275.20703 +38.14267
292.33463 -32.19245
43.16066 +41.57826
49.05171 +37.17745
147.61536 -21.80254
193.77617 +79.44872
265.36713 +3.81430
