30.32055 +28.83726
71.68990 -63.03126
156.61897 -3.68188
248.45920 +56.13288
253.71877 +70.43798
11.79632 -26.38233
44.52191 +46.49817
52.34246 -52.61934
120.04414 +73.06818
227.76118 +52.05013
267.17102 +58.40456
279.70905 +37.95151
344.26706 +4.67690
351.35083 -38.44699
24.41935 -60.86488
31.51302 +9.29555
100.77499 -74.21534
131.01250 +64.97530
203.81195 +10.69213
234.84532 +21.73936
248.17538 -64.83292
297.07193 +46.42441
348.91565 +6.70835
42.99305 +40.14112
68.32050 -13.15177
106.69380 -27.71704
121.72000 +19.84408
258.76501 +47.67662
313.87717 +15.52533
348.87332 +4.90059
15.04695 +18.28302
170.42708 +34.36270
177.96426 -52.03233
251.14203 +38.92048
309.84387 +8.91286
0.49367 +36.64909
44.09945 +1.97985
52.22709 +70.90305
109.91807 +60.29400
117.91602 +57.10097
156.49121 +71.19805
202.48224 -54.66127
211.73582 +72.12248
235.91478 +67.76084
241.59929 -63.78112
253.16183 +54.83318
264.62631 +11.37041
51.57465 -4.73540
55.97274 +6.52959
175.18423 +22.42937
209.31433 +24.25754
355.63730 -65.95649
0.38993 +9.01244
22.21449 +2.44650
52.33817 -28.13339
79.43502 +53.55127
301.90677 +50.51585
314.87976 -38.33732
318.59317 +15.24412
356.93628 -27.48740
20.84336 +33.43292
32.80037 +3.77970
72.06740 -81.68350
109.43776 +0.29734
166.83080 +23.48364
258.22546 +21.30315
40.98212 +7.82486
68.42303 -13.17023
95.45087 +46.71996
132.10233 +47.28922
145.82259 +39.54645
250.24580 +50.51040
252.71324 +8.78383
254.98532 -4.42765
316.03009 +13.25315
356.74399 +29.45891
16.39252 +32.42965
23.21548 -14.81461
41.90773 +4.63763
56.16677 +43.62758
179.11993 +50.42844
337.26340 +19.10047
4.75033 +19.39787
30.79309 +5.65706
55.93568 +24.06070
110.34010 +55.81107
154.06084 +72.57475
159.82922 -44.99932
265.51120 +25.62023
349.33694 +5.66078
63.55720 +2.86285
311.47736 -51.39111
1.66819 +5.11346
14.09324 +25.61543
59.24157 +16.48461
102.62891 -19.99072
110.29375 +63.67795
247.29886 -61.44412
57.26577 +17.05021
112.21828 +63.38892
173.43590 +21.37988
179.45096 +25.27063
266.49942 +39.69285
298.87634 -57.50813
342.38376 +34.91938
358.93427 +30.21226
18.03905 +12.24390
84.39996 +1.33444
135.86748 +25.64067
170.15953 -4.74917
195.77798 -23.09691
242.39165 +64.36623
269.91092 +61.35939
271.61584 +46.53983
331.07358 +4.66722
67.00095 +70.88023
222.76503 +79.60885
242.20029 -60.47832
248.93539 +68.42827
266.22235 +14.20092
287.54413 +60.12566
322.00879 +12.74651
323.10513 +6.58133
347.37836 +32.67502
139.37946 -62.88449
166.35249 +26.36486
320.95880 +17.57116
49.37928 +38.02622
54.34472 +6.48732
59.17030 -51.55691
80.47900 +3.34203
95.77217 -6.12036
108.23334 +49.76463
111.94321 +53.07802
124.41351 +77.50130
139.13028 -17.59682
198.82202 +44.40718
222.15250 -4.73619
240.27304 +68.25202
318.71954 -44.06863
9.55126 +30.89100
28.99368 +37.12939
56.05220 +1.70686
89.23923 +11.82513
161.17955 +38.31012
162.88797 +68.69585
198.90575 -14.87252
340.31485 +33.62371
349.68051 +22.87416
353.49289 +44.68000
357.08774 -28.11620
3.66822 -7.29592
111.11747 +54.57086
118.61481 +58.27064
192.38795 -9.74082
199.14784 -2.09134
223.92253 +45.54079
254.71123 +27.96502
18.42553 +33.21815
31.86429 -2.09127
109.07095 +22.98695
158.71182 -28.51270
275.13080 +47.57822
287.08716 +52.53662
290.95953 +39.56684
43.38003 +6.47367
96.43135 -37.23019
176.07169 +20.22330
176.26616 +19.62056
253.20253 +51.06132
254.83521 +29.94613
316.45895 -28.72932
339.90610 +11.76989
17.48578 +30.46782
47.44052 +41.26141
51.59225 +37.53589
240.41824 -15.51073
295.52103 +48.09841
344.05157 +3.92678
356.98355 -28.32110
16.54985 +25.55172
127.04443 +55.71247
128.33585 -3.50684
193.48274 -9.11887
240.93201 +16.32776
328.48941 +6.74861
343.84323 -33.89491
348.08279 +28.72326
92.77869 -33.30823
137.89583 -35.95694
181.08072 +79.40919
207.55040 +73.95293
255.18846 +30.13694
259.23846 +21.61407
96.26099 +40.29449
108.39399 +50.72595
111.71234 +48.70141
0.08959 -2.61206
8.95326 -13.61064
42.60575 +13.26623
77.16918 +70.48003
106.03094 +29.24059
234.08910 -3.26339
244.15459 +68.20265
269.12192 +65.21334
283.28397 +57.29974
340.59961 +30.17122
20.86851 +33.33177
89.59543 +79.79780
105.76428 +39.24075
155.99231 +68.38263
248.87775 +57.48681
17.30845 +32.15134
60.66741 +14.16452
160.00410 -28.04890
198.82323 -16.48609
211.76253 -33.18819
234.56631 -44.41101
183.97200 +13.21580
326.13840 -6.52316
64.31947 +61.18552
210.61615 -33.92188
2.75340 -12.82244
17.90610 +33.35429
37.24093 +35.37209
69.33331 -69.20378
217.42444 +78.86428
284.27216 -62.31087
28.63605 +20.06492
29.07948 +5.65214
48.22784 +2.76401
67.80772 +8.51110
74.65478 +69.11752
74.97870 -18.54458
243.88005 -62.54125
290.95871 +34.79501
353.66119 +26.72343
10.72518 +32.58098
20.06584 -30.18546
33.71077 +31.47057
34.08756 +32.66652
45.03592 +5.80458
107.41401 +47.91499
169.20717 +26.54721
171.53589 -5.58592
192.55772 +7.57903
196.82419 -54.12651
264.56567 +35.53467
21.70287 +12.02414
30.24550 +8.31117
37.30809 +22.96633
313.95386 +10.50783
39.90007 +8.46451
49.29856 +37.13700
84.74286 -41.73719
171.65971 -68.34387
243.78824 +46.77454
269.21149 +28.08057
6.29218 +6.49090
78.54798 +1.87966
211.69519 +71.88911
274.48215 +41.35571
294.42667 -81.82079
315.59018 +10.97110
9.48190 +4.91132
30.64338 +17.16772
56.25409 -53.40256
88.96886 -61.40350
95.98421 +51.64091
120.40986 +6.62397
252.36598 +58.89865
334.60498 -38.03836
348.59262 -2.72819
47.10211 +34.36673
185.25859 +39.90001
348.30023 +16.77135
81.34187 -31.54352
106.66715 +23.89346
140.29791 +64.25166
32.17582 -7.79078
65.50440 -10.17221
218.90942 +73.53122
238.87900 +41.95042
270.17999 +28.71187
277.23944 +51.65104
285.79611 +73.79543
351.44922 +8.04054
358.76996 -20.88016
43.99001 +6.49481
162.58478 -17.04367
207.72331 +2.32367
234.77144 +5.57133
244.03636 -61.04322
245.28474 -61.30482
55.01025 +71.40585
65.02164 +0.21749
87.20544 +66.88403
156.64439 -2.82994
170.55530 +24.31726
358.04984 +31.46529
