273.76215 +49.42614
65.84296 -67.12739
127.54111 +67.03057
143.55106 -20.85906
261.18909 +24.97128
280.01923 -53.73265
284.90930 -48.93322
342.76474 +31.37438
150.17288 -2.95634
254.86070 +49.92198
257.96432 +18.84142
268.02393 +60.59785
324.70963 -56.41864
5.56676 +30.24744
36.90955 +36.15098
76.30020 +20.98329
149.41371 +44.89735
226.33270 -67.74202
258.40640 +49.13246
258.53845 +39.49831
347.34833 -61.99807
19.03009 +33.08936
51.27133 +16.46824
110.81684 +32.49533
121.10314 +84.64150
318.53952 -26.06054
339.17526 +19.64849
31.98827 +16.21954
34.91005 +37.93599
107.10075 +50.13660
199.37755 +31.09270
101.89556 +26.73965
207.07878 -50.97754
318.51740 +13.62603
30.11829 +16.55967
115.67382 +65.17709
127.07504 +0.28935
170.38129 +13.42645
247.12950 +39.52111
343.67667 +32.32000
43.45861 +41.45520
240.20583 +18.92787
257.22897 +11.46616
301.83966 +6.44552
313.84277 +2.35456
42.30451 +35.33475
83.56039 +70.19149
111.68923 +53.17810
113.37456 +57.70060
145.23564 +27.77771
153.97241 +6.96379
300.18677 -41.96040
305.55463 -47.22657
63.43142 -17.49364
65.46611 -61.78153
66.43599 -53.86371
85.68939 +82.46070
134.28790 +79.70393
148.95143 -1.86973
250.40497 +57.81485
301.96982 -0.25742
71.34043 -15.79086
120.10297 -12.17946
157.67818 -1.82670
186.73640 +48.27698
239.88652 +70.33310
339.24609 -32.22254
96.11501 -37.24767
1.46812 +22.53567
133.23459 +9.31808
147.57780 +75.74804
173.59714 -9.67994
199.43822 -15.52570
279.17389 +10.43886
323.89224 -19.03104
39.57945 +2.31002
44.23584 +6.20559
67.21895 -53.85653
75.86517 +0.66029
107.00827 -35.92520
252.70210 +45.40182
328.89886 +6.61032
26.20834 +21.88243
50.75000 +1.36577
159.14139 -1.26155
171.57188 +35.34024
312.38644 +58.10649
126.34674 +1.98723
235.36575 -81.62595
342.89276 +50.00743
84.55732 +13.51221
122.02658 +4.36876
123.73453 -22.01807
210.67540 +9.34665
256.64767 +0.32310
5.57381 +22.54625
5.82668 +13.70211
102.15638 +43.50977
232.94826 +7.30822
242.80214 +35.93933
322.76288 -68.34155
356.11496 +5.66380
37.76733 +27.69952
73.99375 +2.23448
103.40277 +54.36749
111.29314 +9.51578
125.99046 -0.30484
219.28705 -54.01330
269.21350 +54.39626
325.75562 -52.68337
346.23352 +36.02125
24.70105 -49.31714
36.39679 +26.74340
58.60278 -19.19032
86.12358 -26.05880
111.84926 +19.62487
116.37875 +7.93171
127.41766 -55.60109
95.95587 +35.63961
135.27066 +53.21439
269.25241 +31.80995
359.75507 +18.83405
45.19384 +43.16255
163.06653 -17.13013
226.51981 +3.70745
234.84369 -16.69937
256.17209 -8.78695
22.27984 +11.13147
32.66082 +31.33696
37.72229 +43.34982
44.13504 +41.01250
51.70646 +7.12479
106.60065 +33.62820
225.09895 +43.28213
225.86644 +7.33851
256.28320 +30.40318
281.60397 -63.32534
327.99094 -57.48600
142.01088 +68.42027
245.14551 -60.74753
256.28613 +7.99054
13.35100 -13.15892
26.72573 +28.09919
37.47515 +25.25637
70.36817 -14.16159
101.61077 -36.88753
243.60368 +64.98276
259.07431 +47.30380
43.56185 +41.38366
55.69462 +68.06741
102.83050 +26.77458
104.74072 +45.05592
110.05582 +55.52063
149.37427 +8.12459
196.80037 -40.40760
338.13351 +23.27728
5.80326 +29.83662
138.50060 +52.63902
159.41891 -27.05797
200.07080 -14.81262
211.04970 -10.75434
29.19190 +36.88639
45.53629 +29.10833
109.60802 +31.56111
148.91916 +72.20356
156.86444 +79.31791
239.62306 -60.29546
6.18192 +21.10108
11.80322 +29.13642
31.89044 +17.20263
249.21883 +67.62943
251.04689 -7.85412
299.19000 -50.05574
304.73578 +74.36347
329.23627 -25.35052
354.55692 +27.41432
0.38116 +11.34633
28.83844 +36.30691
40.58490 +51.25387
47.67888 +42.75949
54.44883 +3.27102
162.99934 +79.15438
228.53732 +4.71444
293.53531 +49.27003
26.87457 +12.10392
187.75752 -55.13759
276.81152 +19.93862
52.19418 +36.55637
89.57520 -34.88833
117.43284 -39.03700
246.86343 -61.00402
340.10681 +31.84164
39.66185 +4.04551
79.73339 +7.04007
94.57664 +50.87351
104.41918 +9.14508
125.75459 -4.93485
245.18301 -60.71022
304.09509 +8.12023
358.41159 +29.25992
49.08879 -25.85484
223.88922 +68.40858
241.52249 -61.38340
246.15463 +39.12774
309.65894 +1.73780
358.96030 +26.84876
7.82852 +8.47501
41.17912 +19.45510
44.54131 +24.03368
108.51248 +55.04451
162.79585 -3.61436
198.67847 -4.17849
200.96834 +13.73346
209.51614 -15.74454
332.42844 +38.19724
352.00580 +40.46088
76.14816 -19.26943
181.66096 -47.34523
351.90143 +29.84728
18.16290 -33.66867
106.97160 -35.66914
132.74443 +65.63740
164.72057 -49.97345
189.95016 +12.97396
16.88049 +32.36198
41.54316 +15.95242
157.82771 +25.85357
163.50209 +49.60531
210.49597 -22.36362
240.64076 -60.55677
257.17865 +4.04990
264.43033 +46.38530
275.72192 +12.42938
18.46258 -45.40990
40.23027 +8.59577
71.03645 +8.83974
78.52882 +6.52072
218.11888 +0.29416
248.62041 +2.02598
249.75092 +51.50819
329.48611 +43.54955
63.30999 +13.35255
186.94998 +50.38788
253.73576 +17.26168
278.01840 +5.93898
332.36032 +39.21553
341.49661 +10.86750
45.30089 +16.20923
68.16051 -10.22713
79.82716 +17.43500
99.65888 +26.50610
160.22095 -46.09262
169.42114 +7.28784
69.03564 +72.90343
111.84732 +20.11379
143.55876 -61.28178
247.13904 +69.69348
281.79877 +25.80280
73.47582 +1.68254
349.69629 +9.23365
28.85285 +21.28631
53.20932 +36.21867
85.86690 -30.49502
170.55565 -6.20195
356.28580 +19.90121
95.55799 -64.72783
199.66756 +31.54289
244.07443 +64.10251
264.06784 +68.05232
19.06858 +46.74022
23.61621 +19.82058
40.96051 +32.51189
56.17009 +2.83496
98.28120 +53.51918
140.51457 +17.21246
146.16269 -0.22147
198.39307 -15.43200
206.78252 +72.07040
337.30743 +38.52774
352.10681 +20.02781
354.67661 +26.77386
262.31668 +16.16222
305.03378 +7.78368
352.74149 +17.48671
43.62665 +41.61056
67.43671 -12.14425
100.19279 +53.22876
128.08263 +30.52336
159.92744 -46.20291
173.69644 +0.23520
244.45454 +52.20221
274.38425 +19.44453
43.59867 +11.74740
67.85972 +8.16057
89.19178 +68.74329
166.89896 +22.85230
217.87881 +49.95877
218.77243 +3.55176
275.17999 +38.14734
332.16034 +38.08495
