269.59207 +9.68986
279.21744 +51.53074
59.24226 +8.51351
95.03170 +28.17726
342.20331 +18.56319
220.55577 -6.20053
254.68365 +27.85919
336.56897 -4.34139
41.37404 -62.12506
137.79056 +19.66748
174.19069 -22.22229
281.32526 +53.00326
28.08015 +31.53736
83.84086 +2.88831
170.21045 +19.37399
282.93143 +26.55486
299.58786 -36.41191
307.45486 -2.02896
21.55221 +33.40511
79.82825 +1.33467
92.73025 -33.73854
172.77957 +21.28020
265.30515 +60.44975
334.76715 +33.32944
19.25531 +32.67036
103.31535 +59.95938
144.57854 -39.01448
324.10513 -15.04299
327.77240 +2.77378
351.60281 -39.21598
7.30168 +2.87262
163.78142 -2.89075
250.28249 +2.63451
260.63553 +8.35612
5.35830 +29.62949
56.23270 +5.90518
97.70733 +29.42308
116.53814 +10.65987
159.12109 -27.48402
164.52386 -4.75913
200.21812 +57.64476
240.98201 +14.90250
248.81424 +52.78040
19.37213 +14.70251
42.46247 +41.56810
49.01187 +42.92154
104.00175 +55.40077
120.00571 +8.00620
164.77824 +1.88120
242.99788 +61.17681
243.28452 -61.42575
86.03307 +4.22278
112.12839 +56.82859
196.95961 -0.86830
334.91174 +35.52362
356.13690 +8.82966
36.60690 +22.99595
108.06300 +7.24101
111.65401 +33.82382
114.86713 +55.55029
182.63583 +0.67754
216.33571 +32.48233
225.84218 +10.65599
278.39035 +40.04893
286.15399 +49.64164
314.11481 +12.04127
354.56088 +7.80839
29.50526 +3.45450
41.74026 +39.01265
94.06961 +69.17374
107.97294 +5.61510
300.50555 +53.79842
324.82275 +10.33393
342.20261 +33.23626
0.18332 +28.40145
34.34114 +9.85167
152.57640 -40.78904
247.44701 +8.64423
328.64221 +44.39759
357.82709 +27.29358
10.74160 +27.25369
151.58199 -1.81121
210.59715 +38.71035
225.03580 +14.21268
311.28091 +13.39661
330.76810 -50.44194
353.20581 +27.06575
38.32678 +1.32022
53.58150 +39.59395
14.48076 -2.42789
44.08649 +9.66623
79.42908 +6.51554
91.29472 -49.29976
109.75708 +52.87675
180.13074 -21.32181
341.90585 +39.87911
44.81714 +6.13355
68.32790 -13.51315
98.41650 +40.66693
314.23605 +6.81770
337.83871 +39.36830
50.69490 -29.26532
151.19565 -48.74110
228.89973 +69.31581
251.72493 -77.48871
20.64347 +50.05499
44.97235 +41.54506
68.20620 +14.21476
96.04764 -37.24372
104.29352 -62.81952
120.52125 +56.91666
142.43283 +21.43395
198.89590 +62.12467
201.82338 -27.16719
315.37933 -49.39413
100.89970 +57.62006
180.13051 +31.94760
311.89767 +20.80513
340.21780 -27.18268
20.39520 +33.60035
78.66195 +6.46030
276.57971 +32.58888
347.70917 +9.14430
54.83738 -55.08798
82.60912 +16.99723
102.46384 +28.37107
151.64339 -32.85621
303.93152 -21.51628
339.21417 +19.47156
76.42048 +4.48018
77.42236 +19.81958
164.73840 +1.43698
231.55380 -30.20135
279.71637 -71.78918
336.23050 +9.51605
357.87485 +27.23624
16.77469 +32.34813
32.80748 +25.81084
108.03736 +41.78247
230.41806 +8.41555
353.85880 +7.32214
358.47894 +23.06891
1.19095 -16.03060
51.92805 -17.00571
78.08906 +16.51389
88.93620 +85.91471
185.75854 -13.22368
197.34387 -56.36687
283.59763 +24.65216
19.05168 +33.06412
164.52003 -4.09406
222.80162 -20.44075
232.39349 +82.42182
332.89975 +10.89197
335.93756 +11.83579
354.79648 +5.48444
54.14171 +72.09581
78.90255 +7.19876
181.42648 +8.98947
106.19587 +37.07195
114.97999 +75.42479
221.88885 -19.32990
25.27864 +38.64709
107.36823 +50.15250
112.79075 +13.05960
133.72922 -55.89150
248.67334 +46.39217
259.31766 +38.89695
326.04285 -30.00267
337.20621 +51.05579
345.63794 +32.59432
44.51408 +35.25768
79.39738 +6.59464
129.15076 +25.13696
206.11833 +35.19232
246.13127 +73.33694
130.74071 +64.61292
316.01074 -68.24490
17.06987 -46.75404
125.02158 +67.43616
184.37625 +77.27903
268.82278 +66.54030
15.18950 -40.10553
40.28470 +8.21658
154.94044 -50.04608
199.71201 +72.76556
201.16682 +32.56313
221.35216 +38.77989
242.93890 +60.16469
247.18944 +82.88907
263.72971 +20.59373
283.79526 +39.96636
333.56839 -27.03937
354.67514 +9.05728
2.93793 +28.49899
6.80946 +20.07222
55.29165 +15.48358
79.40218 +9.71720
107.53855 +28.29437
117.04572 +28.23030
180.43713 +20.32823
246.86926 +54.69011
276.52988 +3.02715
1.64026 -50.51980
4.65935 +7.51774
140.82057 +72.06361
312.43570 -51.94958
16.39426 +31.97127
56.16208 -59.18658
71.65556 +0.62090
72.65614 +6.00883
126.18668 +61.54335
140.86151 -63.67918
176.60818 +34.85257
193.61247 -14.70222
246.93831 +38.40681
316.98752 +59.17976
354.61243 +4.80141
9.53035 -2.71792
169.40373 -3.17086
187.34372 +11.43383
196.67029 -41.01561
224.09459 -69.50532
283.00137 +55.72499
353.39465 +4.46604
5.70776 +6.81738
82.20628 -14.35622
223.82440 -6.04013
252.93903 +81.59169
293.36902 +62.08818
315.40308 -28.05654
342.34744 +40.23285
65.33335 +0.82950
65.84772 -15.74434
157.48701 -3.25110
184.71205 +7.86189
239.72246 -66.29847
242.64505 -60.49667
319.71921 +5.84964
44.84045 +39.67477
241.41666 +18.05575
32.65726 +5.87005
180.48117 +6.68442
341.57791 +15.88444
355.99054 +29.11534
79.93706 +4.65787
93.29528 +46.49633
113.87192 +11.71792
147.45770 +38.83814
251.80659 +53.56116
259.43396 +40.69780
352.21518 +50.00367
277.27078 +6.55307
327.94739 +3.01704
327.97665 +42.90455
334.30331 -48.47359
340.85944 +8.68501
13.06247 -27.32825
13.14784 +11.79756
34.56321 +13.20438
104.91022 +41.19365
265.79889 -5.63382
313.55267 +10.54979
31.60815 +3.70598
36.05982 +3.26855
45.42259 -10.91167
52.17967 +16.21574
80.08426 +9.62229
126.88319 +2.88547
134.52417 +12.99202
147.42270 +0.62125
181.85547 +16.88909
201.86403 -27.49029
207.23653 +74.25003
210.65150 -53.09760
314.35901 +7.46732
41.41764 -27.92830
94.34729 +66.53342
279.10098 +10.31293
37.16634 +23.79646
267.42868 +60.37178
291.10938 -32.22404
332.56171 +36.65533
349.90564 +1.47872
75.89268 +4.68026
192.70706 +77.31478
251.58615 +81.42834
351.63608 +2.32008
354.10828 +27.39839
118.32513 +8.92170
140.62311 -61.59031
185.01859 +75.49739
228.39844 -48.47766
245.73582 -59.49434
261.94583 -62.03181
274.37363 +18.90363
278.66211 +32.53360
43.33971 +6.53948
108.73522 +0.75908
133.86604 +42.02413
