165.07944 +6.21635
249.98927 +62.00499
278.29794 +52.94875
356.32169 +9.27104
346.85535 +22.80956
166.83685 +18.43352
169.97745 +72.88250
178.34274 -13.26486
190.18726 -5.30254
203.16393 -23.51100
233.64226 -16.62917
243.54343 -60.85031
18.89555 -61.26016
108.64000 +55.25774
155.03696 -21.72191
204.42142 -15.10402
246.74054 +3.24137
263.57568 +68.01913
328.33444 +25.51136
342.84033 +32.35045
75.53770 +3.53055
89.91125 +60.73354
237.34846 +71.17267
345.53314 +25.66977
353.28998 +21.23730
122.90323 +76.42165
222.85141 +6.80135
243.44598 +63.70908
264.22226 +68.17149
332.86670 +1.93571
17.19291 +38.81686
17.50186 -61.46802
27.43209 -34.83107
29.49959 +4.39506
149.65462 -47.08334
200.81285 -31.45992
43.69292 +15.65786
74.05568 +27.09175
74.27133 +19.22819
241.84137 +10.36599
259.86981 +40.92299
280.67401 +35.62637
281.44531 -62.99863
327.92252 +46.61916
348.78690 +30.94663
352.57971 +27.13366
11.13009 +16.83947
40.19396 +1.34315
73.37171 +63.85577
80.56843 -45.98716
107.69130 +52.32326
239.11891 -36.89964
243.57042 +3.99390
249.08147 +10.36539
354.43750 +26.50496
105.59247 +80.95309
105.70923 -36.54295
176.31543 +19.39215
176.68814 +70.65615
183.12646 +45.68547
317.32617 -27.18505
15.82552 +14.03775
17.42700 +32.45139
107.04023 +48.92949
111.68044 +56.66714
114.16509 +53.19249
168.35168 -4.09746
240.27136 +71.49443
242.40634 +28.05188
257.53271 +32.29412
333.32004 +47.59206
37.66462 +27.15886
41.89978 -21.09315
53.54393 -19.55831
86.25735 -26.19451
94.31590 +28.45337
117.94833 +71.02675
120.63712 +61.38823
137.08844 -64.70058
264.66583 +38.74390
28.10372 +33.50749
30.06232 +24.25277
44.42558 +5.43222
139.74146 +51.36970
319.89395 -45.38475
1.32762 +32.97748
34.09733 +31.99948
107.72887 +55.15944
119.96790 +5.60839
158.04129 +73.77094
228.32191 -18.13663
1.37146 +32.52630
8.54106 -7.60209
39.15772 +34.60752
123.09354 -21.53109
168.32054 +76.92957
241.67284 -61.60093
307.53119 +3.05165
21.68329 +17.26447
42.87889 +13.57496
110.39866 +55.58741
141.48450 +49.42955
267.36102 +36.14523
291.34558 -32.21837
328.86401 -47.05395
0.93660 +4.29811
110.81192 +37.35910
130.60052 -73.87970
167.22714 +2.67725
264.43155 -5.57047
42.45872 +22.75365
61.78093 +34.43365
65.55899 +83.31248
237.08005 -61.71545
353.12485 +14.81688
357.98242 +16.55762
50.06743 +47.55108
70.08852 -44.89025
101.46503 +45.45614
113.31455 +55.04667
175.22606 +56.20223
236.81970 +66.19911
21.00170 +34.76896
78.06121 +75.91711
270.32416 +39.70785
273.13300 +25.43538
348.18082 +15.90325
80.40217 +15.38104
340.30792 +18.79147
1.18562 +26.83246
16.26109 -46.38401
158.49846 -27.33627
317.83746 -23.17374
330.56229 -31.22012
30.44657 +8.47677
30.92107 +26.27691
31.63989 +44.37701
162.90607 -17.12475
226.69084 +3.77265
260.09326 +11.31775
315.10901 +16.86037
44.43584 +5.67208
104.89176 +33.02409
108.32483 +26.09381
118.49171 -39.82587
228.70544 +5.54842
242.88992 -60.76366
243.47293 -60.79702
335.82803 +5.53386
56.39399 -54.52796
256.86227 +39.15153
282.84158 -52.58984
10.72285 +33.52271
15.25233 +13.46829
28.72941 +35.87439
161.22572 -70.50733
173.17989 -3.89629
238.39822 -67.58807
328.65521 -55.77438
342.71561 +12.55931
350.67798 +4.22098
0.22083 -43.39207
8.05058 +31.41641
68.37905 -13.37944
78.97364 +7.16952
212.55956 -6.82231
346.39877 +19.20875
128.94978 +28.75320
129.58221 +69.01995
237.08324 +74.52505
13.73870 -32.02110
95.47978 -64.81688
198.98070 -55.91240
331.97867 -35.50541
346.36401 +21.16198
111.18902 +54.57449
170.00653 -1.68486
256.21243 +12.92486
336.08820 +22.23303
348.68329 +10.41786
348.72137 +23.28292
350.91010 -19.00979
48.77112 -54.81899
80.90560 +19.24061
90.08934 -57.93924
141.94153 +23.93312
260.00003 +24.92764
86.39555 +73.60903
92.53971 -34.10619
144.89067 +11.51080
151.90018 -2.52815
167.31487 -70.25478
336.20908 +38.82846
47.84433 -10.68502
60.86058 -51.82903
103.29932 +27.08016
107.81730 +39.70770
130.66533 -84.50616
200.09460 -4.30129
204.38785 +61.03065
215.24336 -22.75661
9.48952 -9.25258
68.22054 -13.37597
72.29678 -62.35971
125.32272 -25.77506
172.77612 +3.13082
256.27863 +52.70616
257.30057 +40.92259
59.68469 +27.76949
86.96971 -25.14960
349.49097 +18.75216
1.83269 -7.74077
14.21464 -1.27243
32.62874 +52.29631
102.90398 +15.37981
110.29944 +55.04143
140.29459 -29.91488
188.20007 +37.62178
235.98778 -33.93430
264.67300 -49.23995
322.63773 -69.55159
352.95139 +24.73505
23.91048 +35.46700
28.87272 +36.56188
35.15023 +35.33384
269.17941 +65.26302
352.61252 +30.22189
9.62327 +1.71029
44.13567 +18.69648
48.95989 -58.57425
104.68178 +28.38297
219.55347 -52.74797
247.47023 +24.44384
352.87027 +32.48172
357.83701 +49.07842
357.96844 +29.26239
14.68715 +12.74837
25.31454 +34.81147
41.56135 +39.35802
52.96849 +2.28220
61.31796 +39.23363
164.47321 -4.90494
181.27289 -5.54482
196.04424 +78.38799
233.78172 -39.18983
253.35037 +4.23627
29.77501 -67.87014
31.22417 -52.11105
45.64043 +2.19453
216.74815 +26.86395
338.70575 +18.63850
20.54132 +32.21590
20.90842 -32.13673
71.80584 -15.92314
358.61060 -1.93290
13.67845 +21.52263
39.73871 +35.60171
75.76769 +0.25525
111.13993 +55.60000
128.86069 -25.80383
155.64337 -5.61884
228.26411 -46.17922
282.10953 -57.18373
292.81772 +42.19885
9.33839 +29.14933
263.76141 -8.58014
38.10895 +39.40760
101.82065 +25.96569
161.78566 -2.35889
205.43228 +55.67380
273.41156 -57.73255
301.43643 +6.73657
312.22150 -53.03960
356.10208 +9.16461
14.08802 +39.82582
39.78923 +18.36747
54.30241 -31.99978
194.94307 -37.52425
264.57425 +13.80912
271.24762 +45.46494
278.41498 +32.13967
338.28064 +72.47859
353.06555 -30.24864
16.48316 +4.09022
36.43602 +41.79942
53.65645 +12.06481
110.94164 +56.58179
263.40433 +70.84280
272.90274 +74.20217
325.54379 +2.65393
8.48090 +7.27909
24.32054 +28.89048
54.58925 +64.32307
88.15179 -17.78727
99.43536 +67.84231
120.19604 +29.74781
153.35963 +38.65766
202.71545 +10.93923
79.02361 +5.57480
111.43169 +53.22910
