332.21478 +44.53984
9.81546 +6.68851
10.04502 +22.71581
44.81821 +7.30522
118.29321 +8.95449
150.98761 -6.49650
255.35118 +81.68348
255.48366 +28.38809
276.73877 +56.08774
288.94260 +43.44072
110.46454 -48.80380
152.83286 -0.02289
236.08957 +41.08641
254.61467 +59.11956
333.07108 -62.72489
335.63181 +2.77515
17.65885 +30.43955
190.65038 +78.12236
269.80814 +56.23177
2.89543 -83.88375
36.42004 +24.96500
124.00569 +58.33407
149.42792 -5.10348
151.83403 +10.36117
173.63304 -9.53345
197.60802 -51.62271
235.93176 -66.47406
315.83276 -72.68788
349.92236 +10.18500
0.89954 +10.60383
24.08441 +17.81620
68.88505 -13.55644
243.69850 -61.19522
294.61884 -51.78701
329.53821 -48.51383
12.52393 -12.18431
37.80324 +43.35839
69.31955 -44.51992
148.78516 +14.29142
150.21275 -65.10277
198.05109 -56.74525
242.66942 +2.11102
260.67844 +48.19279
267.66391 +17.20930
331.68298 +9.35206
357.07541 +2.34229
18.30587 +8.86514
101.76190 +40.02205
127.09373 +25.12500
174.06395 -70.80756
189.61632 -23.64021
243.60449 +10.51491
278.51031 +20.30397
77.51854 -14.94696
108.12106 +28.59569
120.46331 +61.41314
134.27821 -24.75038
201.70581 -36.75647
319.52634 -46.30073
335.16541 +35.22227
57.38552 +46.99400
101.44301 +46.04914
113.82687 -50.25002
166.66483 +15.04093
357.74991 +27.21906
119.55775 +8.15044
144.82191 +36.56229
155.18251 -37.77957
355.14005 +27.24231
71.93896 +1.81927
181.12617 -54.09267
31.24018 +21.11717
40.85818 +31.47089
157.14142 -50.39194
280.56290 +24.89757
358.97366 +12.19002
21.04318 +28.60646
191.05156 -34.15231
260.37762 +44.46681
267.32874 +63.75883
68.06090 +1.72660
110.31426 +63.65058
122.52946 +57.83688
197.92227 -5.43995
351.47125 +27.00745
10.48713 -32.97026
18.24594 +40.02135
93.18070 +47.51423
110.80377 +37.45915
112.67889 +55.53580
135.96391 -56.29651
236.68697 -42.34104
248.73889 -62.45354
7.85879 +6.20675
17.69699 -45.75656
21.78708 -20.03662
34.63114 -6.60357
61.37659 +4.44540
79.24664 +0.92208
318.94043 -42.42712
342.16992 +27.61105
351.91617 +22.75891
3.11122 -27.46962
35.98160 +27.49281
37.23056 +28.15125
106.85622 +18.50907
113.67918 +54.82592
149.78769 +50.98797
166.34962 -2.52828
251.56497 -14.86820
260.92224 +52.01109
317.95047 -19.75085
86.41429 +58.59941
181.18820 +31.15943
193.49861 -72.04541
327.12268 +29.39651
337.99484 -25.36039
108.84660 +54.98710
162.71703 +1.16534
220.09943 +6.30720
266.44821 +60.89746
339.95599 +38.21542
7.51872 +38.32815
51.79506 +46.94342
78.18907 +6.26806
78.56213 +4.92959
104.12721 +27.95234
120.01678 +23.43785
245.40320 +58.69854
336.18109 -13.68578
359.97498 +46.88516
21.62855 +34.67548
31.41537 +39.83941
40.50822 +42.54705
75.22838 +1.37251
108.68569 +54.97229
120.76215 -59.36852
185.41159 +15.74519
201.60905 -25.40632
210.78198 -34.15534
243.21164 -60.64335
315.57074 +15.13176
0.49125 +21.62112
36.66081 +37.13623
38.85199 +19.94121
79.42574 +0.23305
213.47385 +20.97902
358.32812 +3.71786
16.84744 -32.82903
264.07172 +22.89316
332.24918 -35.14779
340.48309 +20.26147
130.70197 +45.64078
150.52901 +11.48965
157.35268 -3.74606
187.91084 +27.49556
244.47884 -61.21624
266.53128 +35.56939
4.15521 +6.63418
108.83340 +26.08898
243.68771 -60.92662
244.49382 -59.26027
26.15974 +38.20277
39.90480 +10.84367
66.52296 +35.20881
243.19386 +4.59810
247.58481 +8.62883
259.80682 +49.97679
320.34137 +29.45344
327.02222 -53.99477
331.80170 -29.83747
347.39346 +15.65474
17.83837 +27.92860
198.07356 +26.68613
300.28287 -23.87257
357.17383 +2.23975
19.28470 -61.46464
180.44318 -52.93512
249.18761 +1.67993
332.96509 +26.14924
346.69278 +19.12209
336.45981 +17.66930
340.14029 +33.46645
9.79260 -8.39710
28.13571 +36.11517
117.54752 +34.41530
119.76751 +59.13671
197.49814 +30.03973
228.28448 +4.49718
288.88431 +42.90985
323.41852 -36.93947
0.39929 -27.57649
30.90454 +15.74679
59.60236 -52.14089
214.35425 +8.04996
34.50145 +31.88181
45.49988 -23.82395
55.81070 +15.47979
251.46788 +5.34682
271.46979 +34.01716
356.88254 -28.10711
16.74253 +32.30846
24.28043 +4.88525
59.42744 +6.30002
123.92401 -23.06543
124.77305 +68.20223
154.51390 -3.79480
333.33844 +38.83094
333.60083 +15.37661
334.77631 +24.59821
51.26749 +2.89667
220.57495 +25.50931
335.44846 +25.32030
2.04280 +27.00424
102.52618 +20.23418
160.58121 +6.20132
193.34407 -22.68785
213.26715 +42.00529
232.35893 +82.58394
251.90198 +8.75294
268.57822 +18.94847
356.56912 -25.79152
16.88513 +70.38660
48.77777 -33.73030
182.68266 -52.53306
186.09991 -56.37773
33.10243 +8.61854
38.84378 +37.48584
41.49696 +41.32184
54.86767 +13.39305
151.27698 -9.97222
155.07072 +78.46642
177.83083 -5.66215
200.11613 +14.53379
275.24969 -63.34796
280.11215 -61.90235
350.90479 +25.19375
15.63167 +33.98061
29.98036 +24.31222
37.45839 +9.84814
43.31882 +47.57093
43.46847 +2.29067
165.73917 +50.67018
236.00803 +27.69935
315.77942 +16.03066
316.94122 +3.87764
2.90889 +27.94792
50.87415 +1.32419
55.82243 +15.55613
188.56165 +11.07159
284.62805 +58.60226
317.81271 +3.52235
4.32247 +30.20915
28.45860 +36.78748
36.07528 -79.92539
66.64148 +28.60764
85.84598 +69.43098
129.24718 +1.79209
262.97601 +6.50192
3.64186 +5.23424
27.49139 +22.01222
43.83271 +6.12461
50.30661 +7.44345
55.66326 +15.64346
68.80014 -54.20568
156.03200 +0.14198
191.94357 +4.33608
230.98175 +46.59957
43.97434 +41.74394
56.89799 +72.66601
73.68368 +1.34880
258.62650 +23.05942
29.42424 -26.05525
165.45428 +44.44818
210.39342 -23.13871
239.46007 -22.49421
244.38690 +58.33771
4.27107 +42.16136
12.55410 +24.49762
14.11233 +50.62217
19.31486 -50.93128
22.43982 +16.92649
253.05373 +81.62012
292.32236 +72.13727
314.34845 +17.12901
78.37627 +7.41907
201.90491 -55.81845
254.04372 -75.75610
13.53545 -61.92855
49.27837 +31.58339
49.96802 -2.59204
166.16246 +5.20057
173.67424 +48.94441
315.05609 +9.55911
17.01231 +31.67495
38.22621 +25.09326
116.78005 +62.38252
219.44786 -51.25880
246.72182 +51.55509
263.37781 -53.63661
