282.64227 +26.83838
208.54880 -7.58813
38.67966 +23.41306
310.87527 +80.15600
273.92914 +24.91243
268.17429 +29.83867
149.52888 +10.35979
176.80133 +89.09319
94.27003 -27.38858
194.54327 -22.87601
38.16598 +28.06994
45.40020 -14.83660
201.00720 -32.34394
138.37563 -60.78953
17.30898 +32.75214
353.61453 -36.10108
131.02464 +49.79391
326.81720 +72.47214
350.76373 -67.65372
93.62344 +80.44989
164.00610 +57.11697
320.80804 -45.77311
24.66347 -42.52752
37.04644 +19.59912
223.56857 +42.55784
46.43062 +36.78617
43.93422 -14.20778
176.05730 +57.94818
263.16571 +16.40177
27.30857 +13.05531
219.39697 -54.07935
37.12513 +51.44643
87.82441 +79.69619
27.71341 +36.27577
76.64865 +75.59538
282.87448 +26.48375
349.73605 +0.24384
37.36459 +31.64093
39.07589 +11.64207
277.66580 +67.98701
83.85654 -17.81529
86.44950 +58.70107
123.75037 +73.57896
174.93578 +31.93128
248.04597 -28.09203
20.44914 +17.59242
224.85329 -16.69347
320.63080 -36.68155
308.08020 +11.36730
23.42051 +44.92869
74.06179 +30.05223
232.00279 +64.76316
29.60963 +71.11890
113.13213 -84.07233
43.21276 +42.20544
110.80168 +58.06479
112.24871 -66.89830
217.13045 -37.58375
102.77623 +12.92204
5.38207 -48.62473
171.79659 +17.03028
188.71193 +15.55148
347.26422 +18.17720
174.34911 +61.75936
16.92752 -46.90759
32.41074 +35.79723
39.81229 +30.15167
338.99130 +33.96563
72.90347 +67.21676
345.36932 +1.75340
63.41165 +25.48292
108.11954 +47.16677
181.47295 -29.29208
332.73624 -46.08147
193.57919 +27.06806
68.20453 +71.88311
157.45244 -35.32238
288.51614 -56.61071
354.62241 +27.03137
153.04941 -62.53339
16.81536 +32.52035
74.84537 -11.13232
349.97684 +43.95771
168.24449 +72.87931
345.03687 -12.80789
243.48415 -61.01143
128.04713 +22.56058
171.92165 +66.58981
217.30617 +30.02641
294.46509 +41.00938
274.42117 +22.23845
108.88461 +64.92622
187.23976 +13.24192
208.36543 +37.91504
54.84105 -22.72470
126.20948 +73.41203
182.20816 +74.90430
46.88714 +42.38755
27.22273 +10.52162
107.28328 +48.61554
171.61084 +57.04832
49.74217 +41.47009
174.92708 +31.90941
155.16005 +25.50500
192.94110 -26.09018
20.73061 +33.17392
49.19466 +40.00364
230.29836 -23.65841
359.85626 +20.74985
305.89130 +6.44366
319.23038 -42.26001
348.93527 -2.38150
29.42582 +35.91612
348.20273 +12.67931
192.90686 -26.11741
359.81589 +46.88923
0.40968 +23.48363
31.23192 +28.98743
298.03650 -30.82527
29.23754 +40.34139
32.82233 +37.49717
95.59194 -64.93407
308.23312 +54.50876
123.55893 +21.35550
44.92850 +25.24116
39.31034 +7.30563
162.92751 +43.71262
21.43460 -1.37948
62.19194 -62.79759
193.40002 -8.63875
291.01321 +53.62478
132.59186 +73.46309
143.22049 +67.61740
182.96864 +24.12366
344.45630 -65.03855
28.28516 +36.81985
46.54128 +42.37193
265.63327 +0.21680
124.95132 +22.03143
357.74408 +27.14740
107.39245 +50.18225
109.01704 +64.71144
194.43719 -29.76635
281.31232 +25.51258
103.89884 +39.76460
198.95216 -16.51890
205.05341 -51.14226
266.78830 -64.63870
327.05432 +22.15958
277.24890 +6.80764
318.44110 +13.57491
128.97313 +0.70719
168.86230 +18.11036
238.93034 +47.86729
244.29504 -58.31253
27.17498 -48.64849
107.04591 +50.68193
112.02640 -62.36312
214.49808 +25.13685
71.09803 -8.53119
235.37668 +15.78767
39.11595 +38.96907
131.32123 +85.74001
190.60526 -6.97100
32.18549 +38.77721
113.26947 +65.07912
31.51678 +29.79301
157.27661 -35.59520
79.16167 -37.10252
100.13566 +50.10551
116.03802 +29.24743
324.16394 +35.69472
8.90174 +9.12424
39.16151 -54.85978
161.16405 +76.80944
248.82985 -58.21879
209.23616 +37.61036
295.74484 +45.29819
26.85355 +27.88576
43.79618 +51.90716
71.11874 +75.63974
163.83778 +7.69675
169.86806 -52.37164
14.17354 -52.97591
280.43097 -63.94819
153.36484 -38.19612
223.45631 +83.59052
241.10439 -60.73744
298.51028 +49.93785
265.68225 -61.69427
128.82230 +28.47346
88.85545 +51.91061
175.28212 +24.82170
262.34113 +16.20675
85.46301 -64.30113
192.79988 +71.63671
254.49208 +27.85439
358.36163 +7.87566
194.93904 -22.17540
72.39178 +0.25285
220.12140 -35.12341
275.82443 -43.14253
37.79076 +29.58875
111.33717 +19.17743
36.69511 +20.49749
168.85643 +47.44712
86.82591 +56.11235
197.66054 -41.55994
271.29175 +25.23262
71.29810 -15.87002
158.68657 -1.96907
243.60335 -0.20754
64.75819 +26.82750
101.42131 +71.34383
5.55640 +10.49159
229.04518 +10.50968
351.45276 +27.02989
9.01692 +23.95789
278.48187 +22.88828
198.39072 -43.52602
202.06268 +32.03240
228.79240 -14.61693
355.00342 +27.13372
60.52832 +23.13291
215.95642 +14.63872
66.14594 +33.87508
3.66711 +18.58203
161.76689 +17.27370
129.35638 +78.02641
166.41205 -9.92385
192.55115 -41.51490
195.82597 -30.52103
317.40378 +66.16994
100.77509 -74.23625
301.70795 -56.38993
42.22079 +53.03735
109.82761 +51.29240
34.68864 -6.63909
186.62328 +9.01927
170.63127 +39.87692
217.45454 -29.74849
143.68149 -21.92779
192.98067 +12.08297
342.50891 +11.69867
1.58297 -41.49992
208.57913 -26.87352
214.29195 -55.54429
149.19965 -65.62592
349.93417 +8.57639
2.38623 +33.30867
198.75888 -15.95180
268.71149 +18.32686
246.64861 -63.19617
46.62952 -66.77562
350.12491 +8.39573
96.73183 +59.08008
22.73025 +17.18855
212.14992 -53.35281
65.28647 -48.25478
80.68845 -70.17442
106.08459 +64.02029
108.13625 +71.75053
211.67184 +50.72329
329.10062 +73.26091
38.52593 +34.47995
297.33493 +4.15388
322.50809 +26.71788
190.54456 +7.67695
200.12535 +43.08397
3.64543 +48.25550
42.75365 +46.95485
179.52409 -2.12011
184.73404 +4.78598
30.04792 +38.02135
243.04814 -60.78331
346.85483 +32.37505
183.19354 +10.86597
353.26068 -51.69835
309.75259 -4.97259
230.39978 -12.09341
279.47345 -57.61108
3.25313 +30.91529
259.47079 +61.78077
100.92432 +65.20629
134.05128 -2.56345
190.30168 +11.88664
117.82808 +50.23551
181.19325 -53.17467
281.82523 -63.35941
240.05106 -66.38329
15.23092 +47.68198
47.06454 +38.38216
65.06741 -45.03146
345.50400 +15.96485
50.41649 +41.36056
71.83669 -10.23808
119.50181 +52.86175
285.28174 -45.31373
90.65813 +65.37121
169.37569 +4.55548
6.37474 +45.92171
122.75665 +5.08734
192.82744 -14.57360
288.64456 -46.59595
150.96620 -27.57087
214.61072 -27.37885
84.90458 +77.31248
119.18828 +39.92783
220.52867 -9.00944
102.54420 -11.25361
179.64920 +16.17730
114.52294 -55.19078
191.81454 -10.06344
307.07779 +10.75578
303.39957 +7.28173
175.31702 +59.88583
248.96205 -61.46674
38.84450 +12.83771
77.63174 +63.16546
111.14905 +57.96756
145.59200 -41.81581
184.14035 +33.52203
237.21458 -67.32348
53.58110 +39.54567
60.93328 +22.15909
119.20275 +7.47797
20.47458 +9.20654
137.25398 +53.84951
203.60515 +34.69042
246.29305 +40.89281
340.22708 +75.16470
2.58326 -46.41942
49.70755 -1.97333
103.05146 +74.42698
188.58052 +6.46770
256.91855 +60.75084
341.40182 -65.12183
27.96053 +6.29688
148.63722 -6.85757
138.10159 +35.02748
244.50717 -63.20216
75.90427 +1.57334
287.06821 +50.93314
64.35535 +2.37109
37.13964 +20.28368
150.82765 -64.96745
112.57689 -31.59902
279.36032 +40.05774
142.72467 -35.68843
218.10745 +8.07849
311.01324 +3.20944
329.48032 -28.80409
233.98752 +43.49318
237.80354 +47.25489
18.46357 -31.78835
159.43875 -26.63073
232.73450 +82.45585
16.70964 +75.60033
164.55244 -50.44335
50.51200 +40.86390
194.78708 +37.31033
175.54620 +10.27775
241.89655 -59.85992
20.48261 +50.04747
30.93678 +38.25871
112.22262 +33.81905
137.19089 -38.60788
315.93665 -49.02975
350.79898 +43.95892
5.62501 +29.74535
70.71504 +18.55457
179.39828 +55.45878
265.91080 +25.49391
341.14352 +3.64640
30.62220 +18.37299
38.60741 +32.95444
330.96701 +35.99061
107.92250 +49.86194
19.97945 +16.54469
75.52087 -69.56828
187.33881 +8.15659
214.99689 -4.45125
163.66704 -21.06655
19.06179 +31.03383
74.60068 -62.02840
39.82039 +40.87229
39.90226 +10.79334
228.84715 +55.51716
21.01626 +12.91738
21.38994 +33.67136
220.74113 +4.89012
316.12140 +16.08277
55.63604 -4.29864
186.09038 +9.29276
12.00629 +8.29709
66.67387 +20.40783
83.30374 -36.39882
348.62265 +23.68484
1.12828 +5.20028
49.68716 +41.46772
246.53967 -61.66198
104.07301 +45.49280
212.51837 +17.73379
334.76526 -20.93991
17.09773 +33.13361
87.38144 +17.68551
345.69373 -40.83526
28.37354 +36.22129
284.94659 +18.83039
325.86258 +43.55515
195.87387 -29.82876
47.71946 -10.74799
183.12947 +29.16856
66.99999 -47.91273
156.93930 +22.84715
48.82462 +42.69630
208.02455 -6.05830
241.23622 +23.93283
1.27599 +6.92011
58.30561 +60.33939
149.07999 +16.83122
184.92632 +5.53820
120.44131 +56.55337
192.63797 -9.45112
272.73953 +31.11620
48.83791 +41.35542
73.53001 +72.32381
159.79681 -46.14105
145.54784 +4.67313
74.04076 +2.15688
36.53204 +31.91233
124.81141 -25.18798
153.17175 +3.12932
98.19653 +63.67367
238.55807 +14.60124
107.32535 +20.63597
163.66350 +54.30523
245.76292 +37.92236
251.47766 -23.45170
40.80185 +41.50060
296.78149 +59.90708
270.44327 +19.72895
316.48016 -48.20711
144.55679 -63.48656
266.71390 +20.76114
0.95359 +7.47864
207.61778 -52.66076
37.01505 +28.17533
322.93185 -76.48132
93.69782 +66.56749
273.14041 +21.42614
72.89765 -2.62315
66.90295 +56.74500
99.05153 +82.96911
277.09952 +22.73690
332.65942 +42.02127
40.91916 +1.37587
113.75941 +32.82215
186.06053 +8.53585
113.33326 +59.62536
161.54320 +73.35307
331.68295 -31.16245
115.82693 +52.31850
0.00695 +47.27456
50.99356 +37.75566
292.78360 +54.10217
168.79863 +17.26269
272.12781 -52.06696
349.56784 +6.58579
68.40767 -13.26196
39.66614 +41.64753
105.63776 +50.59059
163.70262 +17.62119
5.51344 +22.40809
80.64731 -79.85181
204.32800 -49.74886
341.88730 +40.23880
194.21957 -41.81332
215.57845 +50.50139
336.70193 +35.51872
39.96083 +18.02427
64.80894 +3.34834
308.87021 +51.59096
349.18018 +33.99582
55.98701 +39.29515
77.22797 +75.42789
162.11636 +12.53316
18.04021 +32.12316
203.33200 -53.35470
299.44241 +52.87993
329.37143 +41.24889
332.80008 +38.92728
344.33139 -1.04901
24.78753 +48.28266
340.95541 +8.70548
220.12518 -53.08181
36.50204 +39.47092
170.68265 -7.67625
38.58335 +32.42944
279.47687 +17.53386
