282.90729 +23.63475
354.27884 -20.46307
26.18731 -4.13535
25.49558 -31.00940
267.82492 +59.47086
39.24525 +25.44291
42.72375 -54.97591
202.40211 +58.41873
266.23596 +55.70470
210.42441 -11.60697
104.50677 +12.66718
188.96767 -5.27933
18.39232 -37.90163
113.38216 +30.56296
197.22714 +62.30634
187.63321 +12.49019
23.75978 +41.24814
60.65174 -9.32244
93.44966 +81.07437
126.58195 -13.30314
260.58487 +6.63829
46.61870 -9.73107
51.68956 +7.71457
106.24689 -49.08321
160.49911 -28.77670
146.93117 -32.83743
149.87158 -19.49227
77.69837 +18.01966
233.64651 +15.19837
45.88016 +27.68669
224.62656 -47.69895
9.27286 +25.69898
18.59287 +5.92690
151.73293 -45.04656
228.68924 -40.35455
299.61151 -55.58469
208.08784 -27.89433
42.93031 +42.82828
51.96362 +36.38972
187.91484 +16.85278
189.90382 -40.74002
205.27388 +67.67218
198.66702 -42.67623
108.15264 +12.54558
202.00055 -27.35427
278.83682 +52.72839
110.19823 -34.11834
237.77083 +67.15869
350.70999 +11.98882
12.76885 -7.06564
281.37186 -39.18145
43.77011 +42.26232
125.62172 -11.41778
217.86334 +3.00909
341.58087 +3.21004
33.51505 +27.87717
35.74366 +43.01194
68.29621 +5.35433
73.99567 -75.54118
219.12819 -52.67796
50.61893 -2.75713
87.82732 -38.32046
203.88286 +13.67621
301.90527 -21.12519
303.48444 -44.35117
102.73717 +33.43758
156.24716 +28.02389
40.30355 +8.71941
211.48602 -53.71959
22.44608 +45.59903
97.77479 +84.92554
98.15666 +71.56096
111.25654 -32.49903
338.63385 -12.93377
359.64200 +10.72826
91.00064 +51.09337
330.88733 +38.55662
40.79717 +40.42675
123.23788 +73.56326
136.44962 +25.43740
147.47810 +9.16366
192.93234 -38.82920
11.25803 +6.11336
93.06858 +64.26879
101.35793 +34.48619
102.94778 +48.49641
211.14214 -52.69729
254.45839 -76.99297
308.84909 -6.24463
41.75907 +8.65221
51.46809 +40.74878
63.48359 +29.15754
142.31834 -20.37929
197.19386 +62.27166
203.73293 +13.83250
68.06846 -49.67582
190.19475 -40.89305
72.92298 -3.80935
112.69337 +73.63020
124.90406 +4.65723
234.87668 -38.53897
260.06528 +39.26046
36.26913 +22.21721
198.93562 -53.19681
302.62360 -54.78325
28.41192 +19.84050
48.26313 +42.45713
245.90071 -61.70795
247.40950 +8.45068
252.01630 +62.20045
345.45139 +15.58247
349.83572 +43.97374
24.80350 -75.01099
63.37514 -61.84554
91.37319 -19.03355
73.20501 +1.25914
102.59547 +53.45333
241.05591 +13.74400
55.18801 +17.74117
73.58027 +1.64036
119.91183 +24.98228
143.69809 +10.28373
195.58279 +75.40417
325.61099 +12.56925
9.85962 +6.73418
43.08267 +44.06554
147.26260 -2.82174
210.76727 +28.03339
264.69727 +18.87788
273.67331 +43.26863
288.19922 -46.01157
56.91235 +13.25593
286.12906 -53.98680
20.86622 +33.20428
154.59816 -13.10439
208.26414 +69.30814
65.33324 +36.76009
79.22945 +6.55266
103.74506 +80.96565
19.30526 -58.90995
176.23039 -51.90572
192.72237 -9.86230
241.67531 +16.31969
84.70455 +41.12883
235.72160 +14.23141
287.21851 +19.41149
153.88902 -45.13282
279.36255 +18.84599
10.89361 -8.18651
105.40315 +14.13524
117.96089 +2.81558
48.75591 +42.03574
153.52971 +38.65262
174.53775 -9.60713
350.62891 +11.89262
165.23930 +10.50558
237.47684 -21.04935
347.59323 +7.58064
14.45817 +31.48476
106.60231 +20.79761
145.31920 +35.88216
208.72209 +41.31352
242.79584 +61.26796
284.90192 +19.42741
67.16526 +70.34723
108.51608 +35.27928
204.57188 +48.27560
292.79303 +54.09241
186.49567 +3.42732
353.75436 +4.89775
10.72003 -23.54102
182.10983 +76.80403
205.97917 -19.75970
264.73138 +12.98429
316.85687 -25.42866
94.58634 -66.01752
266.34024 +87.64227
287.97778 -56.27613
95.06548 -57.57840
4.91526 -51.26662
23.38013 +35.66823
73.21907 +3.05718
103.21669 +74.48071
181.15755 +2.07260
244.75616 -63.26461
310.30780 -38.19342
351.48203 +14.20982
352.72690 +3.54653
13.36096 +29.27035
13.47531 -31.09552
198.04916 +44.03802
16.85438 -69.87917
24.32309 +5.87741
32.84936 +15.95489
244.51729 -60.69496
280.18234 +36.16375
335.22134 +33.29534
231.19179 +68.73063
264.02509 -61.89847
332.40616 +39.28278
19.72020 -16.80343
54.07562 +45.63749
233.59235 -8.90575
277.89557 +33.93735
333.69312 +42.18118
68.62046 +73.20483
83.49693 -71.75693
84.66717 +15.14702
57.28226 -48.85820
110.85641 +2.91079
184.10954 +47.02536
190.62982 +3.96032
7.74682 +5.15976
125.82955 -26.19706
345.42877 +2.26361
98.54141 +52.12766
39.41651 +34.43159
73.12501 +74.49601
148.27126 +19.43222
318.17542 +13.98133
44.17945 +7.33369
130.69978 +72.97648
310.42545 +55.69814
348.30304 +6.32166
32.95997 +70.44399
112.69410 +9.64689
135.95761 +85.50169
332.76828 +41.28261
46.63635 +41.48537
73.12924 -62.98576
146.57172 +5.70884
223.04326 -10.74039
71.52469 -44.73336
102.49865 +25.63438
54.55871 +10.08436
139.75931 +26.27000
51.49659 +40.78902
107.64231 +50.11891
317.81912 +37.88479
54.27468 -5.04274
116.72105 +39.03195
245.29640 -60.98516
318.55246 +2.17799
1.31967 -16.47691
38.82733 +40.92650
46.75243 +36.16766
52.29912 +41.38800
273.51468 +22.28379
67.33350 +69.53117
4.89635 +47.24103
100.87820 -72.59460
334.15610 +86.92971
35.38501 +32.54451
55.59560 -35.15353
262.08093 +14.16892
311.78680 -38.08854
3.23482 +22.10027
10.26522 +31.73270
15.71819 -4.76188
356.65768 +3.79981
243.50400 -60.99099
87.92632 -69.93013
205.09062 -71.12916
36.31777 +42.08988
76.17443 +23.47679
193.79025 -8.85856
194.25902 -20.50484
21.12375 +56.18221
14.66497 +50.04510
30.98582 -23.31162
107.89024 +50.24835
320.62216 +15.28205
29.72835 +36.67496
114.39680 +35.60575
241.55843 -61.19137
92.12663 +64.72369
228.02133 +67.36267
301.32324 -56.25618
67.74200 +5.54238
127.12051 +85.60811
159.22495 -27.91704
172.20990 +20.79510
55.89199 +41.07353
258.15240 +38.02039
274.16940 +22.11281
312.11511 +7.73997
356.38437 +27.36093
285.95477 +33.84470
320.06525 -4.87651
54.28732 -35.19503
104.59617 +35.84059
358.48642 +28.49267
61.83284 -62.89931
70.90382 -44.97523
143.43073 -11.32200
204.96796 +0.83959
257.77438 +5.85224
39.01847 +42.42095
301.06100 -38.16712
340.30106 +34.24903
249.39301 +50.34552
334.33224 +35.57116
0.09211 -80.79286
252.48285 +53.95386
22.07819 +34.30863
192.35963 -41.48930
204.41272 -42.84697
241.20990 -59.98214
37.19111 +45.97064
188.90250 +3.03452
265.44925 +23.67221
278.25610 +34.06047
29.61737 -56.25611
239.28238 +63.91748
41.29036 +32.98975
83.39522 +6.27331
319.63815 +22.74584
336.77408 +36.36160
44.29491 +2.77507
168.82054 -13.73297
348.10776 +34.88151
98.38961 +21.03710
191.99321 -22.26845
243.02272 +14.20880
349.49637 +9.68019
210.19351 -45.41856
58.57945 +17.58501
146.42282 +4.94190
4.90748 +29.93387
18.20209 -58.28227
189.96629 +15.29780
193.11424 -15.51861
252.07724 +6.31222
134.63684 +28.26726
140.81079 +40.16387
209.64018 +37.45350
69.44861 -51.42318
17.75354 -55.87067
37.32285 +45.91134
44.96082 +2.77136
159.25038 +18.13582
96.42479 +30.65635
219.82713 -52.22596
70.65044 +69.21650
175.07933 +17.76575
204.06407 +38.34299
318.73349 +2.83484
17.19870 -15.84516
45.98601 -39.44042
74.44724 -73.23083
300.73297 +53.88507
45.24774 +43.01758
199.90857 -12.69897
343.81918 +2.24632
0.36155 +31.43374
44.11983 +15.91610
69.28159 +12.35265
261.77896 -60.87912
330.77780 +11.19931
335.94803 +32.40303
2.75444 +30.05207
72.92342 +5.50560
173.81789 -49.01128
193.09396 -41.28193
339.43423 +34.41004
111.25003 +49.49237
167.73817 +19.18263
295.19092 +50.89075
346.45413 +31.08724
202.33984 +11.73512
204.98183 +28.40059
272.54141 -0.17212
239.37408 +15.87263
246.06229 -61.09487
1.30788 +6.77199
80.21758 +8.86463
80.72338 +72.96289
178.15305 +23.58250
259.03641 -19.77570
292.74252 +46.71225
241.97208 -59.22695
347.50180 +42.56652
8.63578 -43.65612
49.79925 +39.44334
116.72958 +39.01518
179.49710 +23.20200
333.93747 +2.06595
49.92970 +9.75221
75.82654 +18.45254
221.08662 +12.13202
221.86111 -30.64530
279.38309 +36.85545
41.24094 +32.70628
207.85783 +59.86336
225.47397 +25.96462
246.16620 -61.21960
32.41396 -6.92220
104.04378 +84.07890
210.55717 -53.54084
252.33755 -17.64460
258.20193 +42.81488
236.63704 +72.16922
248.99490 -5.11777
299.39032 -55.57791
346.83417 +36.36253
350.30444 +7.36643
293.10443 +41.90424
324.89423 +8.87686
25.08997 -28.91275
30.07940 +24.47369
34.34610 +38.41382
35.36960 +39.37566
192.40770 -41.38826
223.82256 -51.57084
259.88855 +11.20737
299.87457 +1.09702
36.54659 +26.05543
211.18010 -9.71363
252.25653 -6.79101
306.67517 +2.69535
35.24623 +32.83985
67.79259 +7.63090
119.21214 +73.78667
125.78413 -77.85201
251.39339 -27.18996
63.21854 +2.36964
76.22071 +59.98726
272.18997 +11.82929
26.37180 +10.55280
157.19632 -35.65809
34.05328 +32.64951
159.90210 +47.39797
280.52130 +20.14144
355.69336 +27.05295
123.00677 +19.36462
195.79144 -39.24877
208.21951 -1.89534
63.89781 +1.18090
36.66030 +50.04505
348.64377 +4.49835
4.85977 +6.44934
82.60992 +5.18381
96.60994 +77.39078
139.59688 +69.81123
29.19846 -3.73713
117.85911 +14.02046
261.51559 -80.19512
107.29971 +20.60287
19.02509 +30.34909
47.55385 +40.76566
75.00070 +53.82996
193.97600 +63.61185
260.67044 -18.56109
288.65558 -54.22789
113.77853 -46.92596
316.67053 -42.55706
43.45319 +39.57806
218.43173 -14.61969
120.93006 +9.95986
175.53787 +20.31571
350.61932 +29.18096
38.23489 +21.89349
67.87836 -29.75040
68.23708 +59.77350
103.08556 +15.24912
105.17961 -21.24679
198.92395 +2.87906
11.73334 +32.67533
20.73142 +9.04919
21.30014 -38.09452
49.50167 +11.77553
67.10989 +39.62584
185.79564 -13.20463
264.02414 +68.15584
295.84415 +2.41608
28.19132 +36.61932
68.47505 +16.91207
159.78580 -46.50549
160.02518 -46.11568
224.74326 +49.82141
241.64130 +72.49435
273.02310 +29.15589
29.63612 -26.29371
62.29970 +8.64881
112.56735 +24.48788
151.69250 -47.69635
289.23672 -53.70068
343.44189 +1.37199
25.00117 -28.03416
98.25957 +75.86751
119.00279 +58.43024
124.35744 +21.68554
124.40091 +59.95378
288.06598 -63.97664
303.91617 -13.62194
322.95175 +3.58800
111.81050 +52.94855
130.21021 +73.48668
208.63948 -53.31118
209.85318 -3.20923
