68.47031 +16.36268
78.52052 +50.00975
104.74411 +25.02580
163.58693 +27.23969
79.73467 +19.17282
128.60136 -31.82224
195.58492 -15.76650
256.26135 +68.82752
277.03445 +34.30266
350.48862 +5.03581
221.81197 +13.45638
316.04657 -43.59249
333.84399 +37.28067
342.24210 +7.21901
41.30274 +32.28405
80.82645 -42.71118
85.51878 -26.12219
107.30621 +46.09813
190.07541 -40.76206
198.29192 +9.69064
254.06686 +55.02646
238.28278 +64.91805
245.24327 -60.49102
210.95012 +9.61057
245.13940 +73.86571
91.22404 +80.14382
114.42699 +59.31418
114.68400 +2.21764
59.42678 -48.90847
189.10155 -19.39507
196.55373 -57.55621
52.78498 +39.62901
119.36295 -19.24296
214.61652 +12.88303
225.12497 -13.91883
261.20508 +45.45593
348.39713 -1.73138
8.67041 -7.90286
10.69962 +29.92237
35.84158 +32.19694
43.05323 +13.99187
61.27847 +18.97812
108.21242 +49.00574
213.47379 +57.77127
262.35483 +24.88220
325.91052 -25.35160
342.02707 +28.29269
138.15623 -58.84221
61.25964 +25.26543
155.98540 -3.18204
206.97054 -32.46260
316.41309 +7.72637
44.08975 -32.18559
118.93279 +84.92644
206.54749 +70.33955
322.60562 -43.08712
76.08004 -63.58215
112.39185 +57.11707
117.82764 +56.90990
6.81755 -1.78018
20.72482 -4.64307
44.39028 +5.97697
48.12000 +42.70210
232.05615 -67.87225
251.35336 +67.95338
314.13824 -3.82929
37.47677 +23.09698
38.41186 +33.01553
249.82655 -59.88630
254.18008 +27.82215
310.72720 +54.89057
20.15004 -17.34041
24.64495 +34.99210
25.99074 +2.34988
26.52583 +34.37452
206.79895 -51.71254
242.96419 -60.63194
25.78338 +27.75067
36.85644 +41.05994
41.76672 +16.19991
93.50892 +80.00380
106.99816 +48.66619
78.26493 +52.22999
70.94501 +28.97183
123.52828 +23.86634
192.39258 +25.46996
241.61421 -63.90356
30.46304 +16.25776
51.41299 -4.12493
256.89935 -23.89222
257.87808 +7.99462
294.67914 -29.80437
316.81784 -25.46896
325.89627 +43.69411
6.11520 +38.18565
67.75529 +8.08623
103.05285 +15.23657
107.45838 -27.57458
162.93538 +51.02509
246.51778 +2.90658
297.39941 -26.43231
106.00500 +50.68018
252.38821 +6.01625
317.08835 +18.20017
253.36395 +86.59132
323.48270 +21.83791
339.68692 +35.54057
72.31190 +56.70551
112.26936 +33.86096
195.48776 -41.07070
202.52129 -55.57069
269.07748 +18.81684
298.16626 +57.45992
314.43799 +13.99286
25.03626 +5.72668
47.07129 +11.90708
56.56424 -59.81013
80.31477 -61.05833
266.95633 +5.80695
267.29590 +20.80436
327.25458 +12.51429
61.16492 +33.80866
201.79147 +15.09486
267.21228 -60.70621
23.18323 +85.01364
70.03795 +7.34943
218.16017 -30.13603
264.44131 +12.93885
350.03729 +8.16573
44.18732 +50.59535
217.14285 +11.37825
256.43149 -25.41019
332.91238 +46.30962
354.71091 +27.26772
25.94088 +4.22289
49.00224 -5.49927
54.37582 -51.25147
170.93956 +17.81856
348.30493 +6.43025
112.89234 +13.14087
158.58249 +13.75457
161.06796 -69.18485
238.68701 -60.93516
333.76028 +37.30038
49.01086 +37.11251
180.17419 +88.13675
180.23419 -53.86274
231.24245 -63.12617
255.22728 -28.66424
270.03036 +66.61510
17.82282 +33.11390
61.70417 +6.94100
114.33665 +19.63720
197.07805 -57.45839
310.37592 +13.07314
36.40904 +36.96455
42.06731 +34.41977
87.15984 -25.47787
116.30612 +53.07524
202.12401 -20.93602
237.09204 +69.38553
296.15060 -51.60243
42.45005 +41.46291
76.00585 -23.99634
151.05640 -66.81222
269.42093 +27.83472
301.78683 -54.44690
91.64896 -47.49858
204.12428 -55.08012
284.81833 +19.33255
290.96231 +55.98762
310.94046 -26.55027
70.51029 -44.58041
79.85702 +17.70853
22.36140 -61.46461
215.79295 +26.26581
248.02792 +58.43896
11.60730 +30.23829
40.41124 -28.17129
54.57295 +19.38655
118.15919 +73.50266
215.09801 -55.06877
270.09943 +28.78848
153.25534 +17.03418
159.48415 -28.90739
40.20824 +21.60939
85.77303 +0.62034
121.36050 +46.70782
39.86527 +41.49332
163.38896 -29.39389
212.18033 -1.16166
82.30696 +67.37289
124.38400 -45.61986
126.82156 +25.87887
190.31654 -5.00912
335.09460 +47.70591
350.83472 +20.58990
103.79185 +41.00279
334.57416 +40.56240
0.15808 +28.38454
52.23083 +41.93937
302.72406 +2.13689
338.64496 +5.81737
8.55681 -21.43856
51.22105 -60.73843
116.83814 +59.01871
173.93883 -15.70548
20.66206 +34.43707
55.34436 -17.75744
177.63239 -4.83588
185.90501 +17.53758
242.52672 -60.75202
251.74593 +58.42317
336.13217 +16.58813
339.62692 +34.24059
9.18755 +21.56653
42.55306 +47.18084
60.76416 +4.54447
112.32102 +14.41972
236.31995 +24.63047
6.76215 +11.58380
61.27616 +31.02633
238.69798 +78.98515
2.69541 +33.35284
102.60754 +43.05333
174.12578 -9.84671
303.17529 +55.56295
11.50362 +29.95951
72.47778 +59.15271
74.68343 -0.47825
111.33175 +55.51295
174.82359 +9.96240
0.37521 +31.44188
41.76025 +15.42134
317.16919 -39.86874
105.85914 +33.77877
187.56709 -8.39716
196.76064 -57.24152
280.67807 +40.36690
329.65402 +7.44062
254.53610 +22.98510
276.08081 -56.36916
332.36432 +40.98969
170.30104 -2.98414
319.22034 +24.20421
352.20462 +29.73529
14.70469 +7.11130
196.27359 -57.47919
257.93381 -23.06105
74.12392 -17.66819
185.35564 +82.67464
249.74736 +57.72409
329.53012 -57.14265
31.00881 +30.83287
31.82407 +37.09670
163.82133 -85.59247
242.43781 -62.40876
346.41089 +3.05924
6.31992 +12.88386
93.78391 +71.13670
123.86758 +78.86224
238.01750 -37.64968
259.31775 +41.05275
279.99429 +39.98177
321.55737 +14.18303
201.36200 -33.79559
297.11353 +58.22989
309.93671 +2.03137
334.18695 -4.73052
30.83169 +32.07753
36.88531 +25.66871
106.49595 +50.75592
157.07985 -35.45448
248.16882 +82.57682
358.04120 +31.27660
146.70641 +16.04285
314.90216 +2.16711
104.56957 +45.05614
110.37643 +55.76148
179.17548 +48.33394
179.51248 -51.88321
102.56191 +20.14079
110.58359 +17.28687
265.55206 +3.19900
52.11551 +40.15454
159.08885 +13.71141
179.59871 -72.38865
243.23636 -61.01781
258.86722 +42.06886
298.00934 +4.77902
124.76144 +83.26637
24.82510 +48.76465
65.48370 +4.04864
148.08232 -29.43789
270.60291 +26.04333
171.67151 -54.25576
201.15244 -70.46877
267.57108 +59.62440
17.49745 +32.36835
42.49446 -12.16372
112.36640 +20.05489
261.88269 +26.47512
264.12503 +68.05863
292.87524 +35.87661
350.05331 +7.93209
9.76493 -18.60829
13.74890 +1.38077
143.65239 +81.14528
342.60983 +82.87696
47.73396 +41.13709
108.72553 +6.59554
316.59738 -43.50778
323.39420 +42.72411
336.95126 +38.58660
27.31537 +35.07303
79.10197 +15.63179
112.11697 +33.83781
31.62642 +29.99312
139.37352 +25.96636
159.29257 +12.65246
236.19232 -15.46513
102.74419 +33.52516
159.06909 +26.96240
175.85228 +19.74985
246.48428 -62.96477
250.83435 +70.63253
0.79005 +21.96022
122.46893 +57.91278
130.38289 +4.98022
166.09814 +4.82860
166.63570 -48.04244
247.07944 +80.35463
29.89960 +30.90990
116.87109 +60.93357
129.54559 +24.89524
146.96010 +72.96439
237.17169 +21.86939
266.20612 +55.34966
286.71088 -61.70137
356.06464 -80.17701
4.59986 +48.73178
34.55934 -12.23182
47.01350 -4.39983
109.10975 -29.62079
21.79210 -18.65330
113.70581 +55.96197
175.53786 -18.16901
238.12460 -60.63559
278.94791 +22.47058
24.22394 -13.99951
60.63411 -62.31559
89.65018 +40.51994
247.73557 +4.08289
261.10062 +44.94043
272.04950 +11.71222
288.16116 +22.48251
69.95020 -76.83680
116.29565 +7.93329
336.47443 +40.31486
346.80243 +8.75189
211.55157 -33.07428
241.60605 +15.68583
32.56763 +7.84538
52.84874 +39.74154
268.22705 +23.21107
285.50592 -63.04763
303.84952 -70.53774
28.15707 +36.12680
110.67988 +21.51307
258.86890 +30.89572
287.13971 +53.35648
32.56161 +41.52179
36.60864 +27.65422
37.07335 +26.31242
42.16993 -31.53622
49.33266 +36.21015
50.02886 -1.88169
60.03256 -61.28323
133.32887 +68.47191
199.31761 +6.03748
87.49391 +51.09305
199.62154 -32.22931
240.04558 -61.11520
243.97057 -60.84918
8.07011 -5.10960
28.47961 +36.22941
38.09840 -58.02098
200.24832 +8.97837
249.50203 +55.42695
281.89890 -63.29227
307.95746 +1.54490
328.34772 +15.52862
28.74926 -26.01941
55.39874 +16.02043
105.42667 +47.55159
113.52982 +23.09451
299.25342 +47.27920
3.50914 +48.23487
95.30271 +27.85626
120.03564 +56.36561
254.18703 -62.40311
257.83838 -23.31380
54.67196 +38.02247
126.82005 +22.87769
346.32843 +0.18946
117.07913 +34.33219
194.41864 -53.39229
278.61172 -58.53387
18.78565 +50.35653
113.73223 +31.27624
258.15134 -25.11179
26.47875 +9.82294
255.21785 +2.10186
106.86714 +44.78993
187.44997 -54.36348
265.96988 +4.55191
52.34933 +13.75908
355.95682 +28.33924
24.77637 -29.91489
158.69885 -27.21451
176.20494 +19.79501
264.53091 +22.70357
270.68134 -68.51176
52.13136 +36.77633
110.22452 +23.31728
250.73454 +19.25438
338.05804 +11.71231
345.98788 +30.16015
357.64145 +28.99827
21.88554 +19.17882
30.77176 +2.61424
41.97516 -26.04431
126.14110 +74.01229
343.48431 -6.57925
355.88452 +27.31186
197.38837 +53.49419
273.54019 +30.67414
2.63654 +28.99624
38.87255 +37.51892
307.75674 -1.93545
315.21365 +16.30454
1.11115 +47.49031
33.96310 +35.91358
71.86423 +23.98368
196.83586 -56.11642
203.23666 +16.63751
41.40524 -27.96106
110.36096 +23.18791
349.62589 +18.68909
11.82737 +27.82768
45.76601 +4.39290
251.03870 +7.44523
260.64288 +0.95796
339.04648 -81.06493
49.98832 +3.59017
95.41693 -65.03335
193.91144 -39.54058
257.98090 -23.16181
0.33238 +34.52571
70.11051 -44.63307
71.96587 -15.52511
99.33854 +67.85986
205.40285 -29.91308
208.03568 -10.62026
275.72311 -56.48558
353.79355 +4.96420
10.59193 +29.64165
29.48066 -32.98706
49.06596 +41.18074
193.41690 -26.65410
312.85794 +18.96782
324.75970 -22.79247
30.49975 +21.09657
209.30641 +73.61669
235.89139 +4.87199
243.60591 -61.06108
305.58963 +6.42986
6.73563 +50.03075
36.44852 +27.24259
102.94971 +27.48152
152.05138 +9.97701
244.95041 +37.77448
268.70975 +62.64505
278.02533 +31.04285
299.89630 +50.47233
355.31702 +25.55127
144.70137 +48.57274
238.11925 +70.37515
243.68848 -61.03071
335.76331 +36.05453
94.17524 +66.50671
258.32297 -23.57473
356.14801 +11.68728
7.06223 +30.80326
74.49049 +0.79729
133.73492 -63.82106
189.64766 +2.65741
15.85983 +32.23735
157.16908 +79.81310
260.00009 -19.10727
