265.56192 +68.34832
346.75363 +35.77737
3.43932 +48.15126
6.24500 +43.66275
44.16292 +47.52574
86.48680 +74.09982
116.73309 +7.29634
234.37590 -16.59072
18.09087 +33.36441
92.91795 -33.12446
102.14967 +51.84124
109.06812 -28.34280
133.90195 +72.71629
134.70932 +41.58014
256.67233 +4.90427
311.35303 +6.07352
349.59421 -4.41616
32.30918 +25.57079
44.07370 +75.08828
133.73856 -58.91916
173.78548 -45.37994
240.39198 +1.70783
349.87521 +9.50822
21.15186 +2.04423
171.54414 +52.12501
331.85733 -10.71203
358.83975 +21.58806
17.04749 -47.13573
45.14582 +11.84277
52.75494 +43.24751
101.02904 -27.17537
101.88692 +47.65468
190.72493 +20.98965
223.62982 +3.28211
315.70844 -45.37526
344.63562 +35.80242
352.47900 +32.64974
29.52205 +3.08363
48.10957 +19.24606
110.28720 -34.39394
214.49457 +26.41260
318.65701 +19.00549
318.78717 +12.65878
85.42588 +6.68063
104.69762 +29.00959
134.04070 +62.35001
141.51361 +12.73442
141.65013 +62.40883
251.15363 +75.67305
267.27881 +8.10276
338.27621 +8.09747
33.75068 +30.77877
43.81188 +6.17771
44.14342 +46.08800
177.19144 +29.64124
345.03928 +31.40900
37.25455 +38.09848
39.12614 +32.71534
49.72899 -59.75599
187.49741 -14.62243
240.52945 +70.41709
1.37093 -50.27031
51.41621 -52.78549
59.85468 +6.69798
67.42689 +3.68204
198.29138 +50.57610
224.89153 +81.40050
244.07886 -60.95656
254.35217 +68.45712
338.12854 +8.20713
345.31595 -61.52562
346.84521 +43.60394
31.13272 +45.77290
43.75238 +16.01240
56.91759 +1.08731
150.66116 -45.49833
205.30370 -14.64455
244.93225 +31.28131
260.99948 +21.13707
39.63403 -6.90209
106.99678 +71.55445
155.80553 -3.23390
205.74985 -19.99461
258.78644 +8.45627
285.25204 -53.96951
64.30447 +10.45559
328.99673 +5.90250
94.00400 +47.09843
220.48129 -43.61897
314.18094 -43.98603
22.88023 -12.65417
320.24918 +3.98541
347.64969 +21.71142
18.71868 +1.91744
29.85439 -67.78770
90.07188 +35.75035
100.67681 +53.16139
109.94488 +30.91553
179.73712 +30.41361
193.89030 +8.24050
195.09175 +80.12179
280.31180 +35.04852
6.01182 +16.48639
34.48388 -76.08126
40.49033 +19.03019
106.55949 +23.58518
289.04407 +60.41751
328.83768 -34.81414
21.22001 -11.58926
47.46891 -10.04957
176.31648 +79.68150
257.74335 +46.40585
308.76947 +1.93927
344.55396 +25.22085
0.02926 +8.27913
15.99740 +21.22539
106.04325 +37.69044
131.46069 +53.99245
240.76163 -61.76206
241.51688 +55.42533
256.57974 +10.37513
29.69434 -78.39823
53.15602 +1.38256
175.95462 +19.96839
241.82356 -60.68029
266.11179 +55.82803
328.99713 +27.89842
172.03922 +16.92047
292.58411 +47.13265
352.04486 +32.47287
240.80156 -64.11528
256.25528 -24.75273
257.47610 +40.59660
47.53878 +4.84796
100.55997 +26.05042
200.15680 -16.91434
233.94888 +73.45078
264.96655 +43.30285
304.72177 -53.95707
28.55472 +7.88365
102.77353 +39.67595
142.80814 +73.81053
147.30293 -5.33819
352.12128 +19.86386
27.95055 +30.54353
39.06350 +27.17952
44.67258 +3.43488
48.05464 -25.30493
215.66809 +69.59466
247.83917 +20.18500
263.24615 +1.71448
277.66473 +48.30752
325.89847 +14.01465
1.27778 -35.69493
43.39415 +41.88585
125.74089 +25.73979
128.32416 +41.25952
216.97113 -13.99023
308.68597 +7.98664
200.75970 -57.53449
327.87466 -55.33686
335.90411 +30.85700
358.44159 +7.86048
255.14630 +29.72584
359.19809 +1.35510
38.60780 +41.14817
213.44371 +8.22089
222.39934 +25.38128
259.72107 +52.61531
289.32098 +33.42527
342.57358 +11.63677
344.66562 +18.81991
82.30724 -42.20989
112.57250 +24.32778
275.41376 +52.44813
278.40054 +67.11063
309.32382 +25.52713
93.95480 +66.83922
216.30551 +13.74580
267.03369 +51.39918
309.53934 +10.72490
352.63959 +3.90160
203.83160 -28.02180
218.73001 -50.72126
287.12030 +52.22419
288.81122 +51.52023
337.88678 +30.95597
35.88403 +26.51151
44.62380 +6.30636
67.99969 +6.77778
153.67419 -44.85438
195.07370 +27.95528
218.44513 +40.08090
233.81851 +30.86411
272.35907 +38.79441
15.46970 +30.14582
39.13174 +7.30951
47.22824 +41.46693
55.51631 +15.98838
80.99580 +21.48142
154.78136 -26.98461
5.70776 +6.96432
29.27823 +32.78862
58.77010 +27.60873
76.14617 -55.52502
164.56783 +8.24162
294.09964 -64.58341
329.25952 -28.61825
47.21209 +41.81164
55.56732 -4.73075
243.41405 -60.99879
33.01863 +15.58900
72.61147 -61.34548
272.70547 +21.23863
327.69482 +14.11020
109.36797 +34.07772
140.27652 +70.69833
213.43250 +29.42902
322.21326 +31.83716
328.31659 +15.61538
43.98091 +41.58237
51.28903 +42.40184
105.70078 +37.12119
196.40219 -43.50053
250.44611 +39.98437
15.29739 +30.13075
42.20699 +40.67937
53.74547 -15.65599
124.02205 +58.00552
243.79118 -60.89114
279.38959 +20.02379
15.54270 +32.45181
28.42604 +29.93316
41.72770 +23.59559
47.21339 +27.21699
100.27245 +50.15521
161.03557 +70.40536
189.62535 -42.86447
357.46338 -27.95107
13.75522 -3.08035
28.34191 +19.95382
109.16208 +33.98788
267.69672 +62.88080
322.41183 +6.68257
21.95333 +48.81933
76.58630 -19.46666
250.21776 -6.31460
349.85452 +5.90612
17.12472 +39.69545
168.30426 -67.53424
317.70953 +5.07136
321.52615 +30.49340
347.51956 +30.22433
61.61853 +31.28279
200.16693 -17.64892
246.83301 +1.92085
257.28412 +9.39945
257.93372 +42.69519
269.31812 +64.93808
349.55798 +10.29830
351.13092 -19.05910
21.77113 -35.60670
23.14661 +49.40476
43.24533 +41.53453
55.39654 +13.55068
85.91551 +68.94521
182.88284 +29.08932
219.02812 -54.41440
341.09109 +25.11117
353.95541 +16.36800
14.21838 -31.96299
343.77606 +32.18468
190.56912 -5.79067
204.00586 +6.58539
329.29956 +30.73026
7.94059 -5.15264
23.83976 -32.77644
68.69466 -13.48463
94.42307 +66.60093
96.97109 +35.51708
103.80923 +40.96072
104.75835 +45.44431
217.33495 +79.24131
341.84964 +40.86635
41.98489 +41.24646
50.21165 +15.94317
194.84727 +27.91161
310.55713 +11.56588
10.72711 +23.50305
38.09452 +42.19871
64.69868 +3.22787
179.90115 +21.24755
262.53491 +35.36646
214.79028 -19.47791
259.77725 +36.06088
278.98785 +38.13503
339.47202 +25.33857
1.39293 +53.63132
32.14321 +29.23403
38.15918 +31.56428
43.69915 +41.31443
66.49968 +70.16219
157.74049 +72.80916
316.73657 -48.86340
349.26434 +71.89815
5.28423 +27.21343
119.14538 +63.60876
152.41771 -39.83929
210.39539 +38.68605
227.67081 +55.34985
269.23596 +24.01724
356.81107 -27.95783
72.49019 +82.65058
99.95589 +74.33329
123.64809 +55.14440
125.92449 +62.27265
177.89536 +27.63966
246.85374 +21.61148
21.46017 +18.18435
98.00877 +33.11061
110.55689 +56.49613
168.28226 -69.26171
201.58847 -12.21768
338.41214 +51.17951
17.78584 +8.77536
166.33052 -3.97611
187.13130 +53.59598
191.78819 +71.17614
199.57747 +6.33534
251.73643 +34.15551
7.27969 +31.00278
34.68730 -11.48771
40.65362 +32.72180
74.55154 +3.98562
103.98840 -36.93809
284.18311 +25.23721
330.17233 +10.55224
80.20169 +3.26026
183.59210 -56.54255
188.69138 -42.53349
195.21486 +28.04284
205.73140 +29.86860
260.11731 -0.97968
344.61530 +18.91877
26.47849 -29.03840
31.50842 +45.19342
37.35928 +20.21726
86.20366 +16.77393
204.37912 +38.62149
348.56799 +30.55147
9.43283 +25.64020
10.76935 +23.50912
30.09738 +24.58055
48.36972 +41.07513
172.37045 +24.09350
208.30484 +37.88311
241.13219 +14.81919
19.74254 +16.32553
62.24965 -48.72699
102.39089 +44.43126
104.41525 +39.08728
104.50993 +44.15364
108.48369 +23.23931
147.91666 +65.49109
229.17424 +7.39696
268.14709 +29.81810
288.30536 +45.32144
324.71506 -22.21887
32.98048 +22.59202
44.37360 +10.45728
63.40508 +27.58320
100.56317 +34.43313
151.31523 +72.20051
250.31346 +51.18428
270.73782 +29.31070
304.38113 +72.12377
53.59130 +40.91930
235.47581 +28.13405
258.08627 -23.30882
299.76794 +50.79073
96.71450 +52.45060
162.04218 -65.32452
202.43636 -21.18232
160.16090 -46.31675
184.07387 -26.65762
275.56430 +48.11091
292.04089 +52.89492
171.89084 +36.06083
214.01900 -48.12731
242.80421 +26.87203
255.25134 +39.56609
265.22849 +38.73220
346.95361 +22.71027
51.48570 -4.33296
68.31114 +76.56696
154.03694 +65.91692
210.55769 -33.16942
215.80530 -50.29732
243.51195 -60.49467
247.45142 +67.37832
277.41528 +23.06859
339.84100 +35.96385
340.07114 +8.05374
347.96021 +77.57910
60.73112 +21.48384
134.02516 +68.25687
352.02008 +18.53144
355.44302 -1.35163
38.11786 +41.94427
126.96380 +63.27791
195.27502 -14.32619
237.23798 +7.22229
318.88773 -46.77936
354.68176 +27.21544
134.95145 +55.70640
165.07957 +10.04741
195.12357 +70.19870
223.48779 -70.26557
249.65680 +49.13702
309.89346 -28.48883
49.65928 +37.60806
259.17715 +8.19276
307.53528 -15.22778
18.21578 -61.66431
181.59505 -44.44848
256.93970 -25.06081
315.18750 +13.32628
339.98404 +11.02755
354.86267 -47.77477
41.38469 +42.15777
210.33981 -33.06378
252.36778 +45.46122
301.96167 +59.63618
350.83972 +20.56707
194.29167 +78.61617
298.82816 -54.99305
317.46823 -45.52760
337.15848 +16.93406
29.77785 +36.06299
39.21452 +36.11262
50.08577 -54.27350
133.23587 +42.41506
197.34657 +6.99633
243.87820 +64.22509
260.04712 +23.84102
12.25877 +28.21805
30.09905 +21.10825
107.38543 +28.66081
109.05789 +32.93725
154.45515 -68.54015
223.51172 +73.13168
299.93240 +14.76544
320.76773 +15.39432
102.22518 +66.26136
120.05367 +60.28852
140.86278 +22.32624
214.72850 +5.45153
232.66032 -47.63041
241.93982 -59.92476
278.29150 +66.95905
39.65417 +32.06971
110.70615 +53.95534
178.35165 -53.61485
203.95830 +34.99885
337.89072 +34.71256
36.69305 +41.83450
185.05260 +58.09296
208.55080 -4.84698
294.30521 +2.75237
19.98866 +21.38080
150.22330 -2.97197
152.11928 +0.36793
266.82663 +45.70795
343.51746 +32.37341
41.18054 +16.72930
46.72942 +41.50933
53.69566 +41.32711
103.75011 -36.02238
87.72685 -14.77995
142.77225 -42.23967
235.14693 +28.36059
328.05566 +36.09885
357.97668 -27.92984
4.95311 +23.77261
21.87418 -13.74093
37.45809 +23.10858
38.90542 +37.63889
117.22212 +28.90165
170.43176 +46.20982
186.85001 -56.46958
226.95433 +3.98413
267.37640 +20.76378
305.66226 +9.58507
325.66757 +28.94659
63.56077 +24.66088
144.53426 -20.33069
168.48628 +12.30256
305.37830 -20.42521
310.18295 +10.78477
32.35437 +30.73969
