44.40619 +16.06795
49.99611 +41.47953
225.56168 +68.26181
237.06172 -78.17885
243.81657 -61.13286
14.32922 -30.93743
38.05933 +9.72019
317.03122 +65.73898
341.53903 +38.05289
344.90628 +24.84767
34.61349 +38.02345
58.19848 -47.47752
80.22084 +3.25081
117.26385 +63.06853
21.45828 -1.29280
254.36177 -10.19118
318.30344 +6.73418
319.49579 -22.83559
353.35342 +21.13005
186.94759 -53.24575
240.07869 -62.43488
241.28751 +17.72993
306.94025 -52.38437
0.05404 +46.96514
23.70901 +21.41844
120.56248 +9.39442
139.18279 +18.95463
194.38751 -72.02188
3.93184 +29.66679
88.05052 -14.11004
160.22871 +5.99183
280.02921 +40.13760
346.01843 +20.06724
40.56557 +18.21720
243.43759 -63.40818
259.15387 -73.14720
264.69107 +59.37313
333.19989 -38.40279
13.49506 +40.41362
29.96768 -7.08696
37.39559 +22.94313
134.47450 -53.87590
241.94614 -59.67696
297.68317 +46.80500
312.32492 +11.30288
28.68398 +18.04711
59.16403 -59.39476
162.07913 +0.84081
267.66739 +17.53787
21.19884 +1.60758
280.11508 +23.80541
301.03867 +7.14557
58.44274 +19.97391
108.01919 +50.59249
147.78471 +15.73042
235.38681 +59.75531
237.84033 +43.41766
284.28232 -78.47256
349.81387 +8.35015
47.40382 +18.50064
70.53260 +20.05020
100.34472 +53.74624
158.89346 -6.17961
162.68904 +76.93714
201.78955 -11.78841
239.70926 +81.69350
250.25761 -61.64758
341.85443 +31.37354
11.86691 +50.88361
21.89528 +31.55473
97.98107 +35.55250
152.75323 -67.14445
165.63016 -6.87031
255.99223 -7.16645
351.70001 +25.68597
14.75364 +23.85286
264.71933 +74.83808
264.87970 +48.35467
343.13623 +11.66195
36.42817 +41.77736
257.89896 -24.23205
258.57996 +45.74916
270.64151 -63.31695
283.84058 +72.77143
54.39226 -51.18919
166.01880 +45.26234
33.49924 +41.87679
258.41724 +40.96309
299.29755 +4.58900
14.83243 -18.23466
29.55664 +21.35053
47.00412 +5.96655
110.69848 +18.92754
242.08774 +57.94259
252.54558 +45.42064
279.67636 +37.04789
37.91692 +39.37837
45.46395 -10.62060
66.05734 +30.91566
132.10196 +73.67123
147.47598 -19.18417
167.43553 -7.59258
326.90375 -29.69331
11.13684 +8.60241
21.59760 -38.59415
30.11190 +25.08259
107.60830 -23.53878
150.11287 -7.90385
4.49589 +29.46972
11.58073 +51.21745
41.66330 +21.58594
47.60740 +20.38496
74.63107 -0.57466
266.88712 +64.02757
4.26100 +29.94239
15.13542 +30.79721
99.95015 +65.45315
295.39542 +3.65172
305.47409 +52.40897
351.92108 +23.58895
30.44375 +26.54690
89.54520 +46.84521
96.95598 +83.31038
102.47974 +29.52134
156.79248 -3.31888
323.59348 +26.35330
344.86063 +15.54838
77.85785 +24.75509
93.77383 -9.77165
120.32264 +4.29979
165.04158 +35.32254
274.18777 -37.79057
2.45079 +27.83232
13.93693 -50.46407
80.00016 +6.68000
233.32283 +82.22936
264.05032 +69.98894
268.06354 -60.74348
300.75632 -17.23209
324.63925 +32.08498
339.25391 +19.14620
347.23825 +12.04804
141.25325 +64.56042
145.24849 +21.19270
204.66411 +79.45885
217.59537 +59.46973
268.02448 +21.56914
307.71811 +4.76188
14.68309 +11.80800
28.81599 +10.01366
95.85927 +64.57452
108.81499 -29.28148
153.31752 +65.51819
237.67294 -3.88830
308.92197 -0.00577
314.21970 -16.58580
345.79285 +23.29478
103.01045 +27.46098
251.64763 -31.58933
254.37138 +27.84434
312.34900 +5.99558
317.40109 +15.12496
9.88899 +6.81508
39.48032 +2.07977
186.49509 +15.67149
229.71378 +6.43588
14.60055 +48.66188
63.22999 -15.39336
107.00535 +15.17841
156.79739 +71.41788
231.81255 +77.15693
326.43793 -74.83015
344.99817 +17.89320
348.79343 +28.95053
35.22268 +0.55676
160.42627 -28.77977
172.34850 +28.54371
254.31435 +46.87460
336.07181 +32.44625
357.09702 -28.07485
54.46178 +4.94881
162.00903 +14.40792
193.92766 -9.09049
289.41187 +50.65625
293.92596 -57.51922
335.51013 +35.66255
351.51086 +13.20177
1.05410 +10.79052
33.97920 +33.81023
36.36622 +20.39532
47.48213 +16.02867
54.71590 +40.99052
67.87904 -52.03547
104.76176 +80.00348
339.04428 -31.72784
199.36894 +20.61231
349.87701 +16.07476
42.25154 +13.22376
57.73978 -8.51355
218.93561 -0.01326
23.71923 +12.07762
24.19618 +5.83538
50.38882 +13.54868
67.59120 +38.82159
152.66794 +24.41414
164.23868 -50.00074
261.02734 -59.38217
323.53525 -20.47101
343.68735 +32.21365
41.45498 -23.23376
155.93497 +78.87342
190.57922 -5.77536
203.34383 +54.94906
337.11014 +17.14744
353.01202 +23.91301
9.83918 +2.45622
43.66288 +42.16065
49.73128 -12.74019
67.38419 +0.21170
80.74583 +3.86180
216.36345 +25.52623
1.85254 +46.98876
20.28335 +1.37335
31.18248 +8.54309
46.00299 +20.56075
108.24543 +27.77500
190.35727 -57.83432
230.38570 -7.37717
335.63882 -23.51498
118.57660 +54.25556
197.22581 +28.18382
204.22154 +17.38695
317.37625 +65.78339
354.52087 +25.71973
15.30445 +30.15339
36.92092 +27.22118
75.03296 +72.31595
253.07858 +55.90552
285.78284 +63.84554
39.60156 +7.99294
56.28350 +18.62569
77.88506 +17.05618
106.50536 +28.29654
112.75282 +13.09509
162.44643 +51.89419
290.06519 -84.79315
296.85254 -10.20591
349.79852 +8.10932
2.19333 +15.81557
19.53694 +11.38178
38.31888 +21.49739
85.88727 -27.65143
111.23939 -27.25470
156.57918 +45.57787
205.67622 -11.57733
281.59216 +40.58207
313.55081 +17.77933
43.17662 +41.32597
53.95923 -1.98425
75.37399 -63.29332
84.59749 +79.58692
118.83123 +53.33078
209.99022 -37.86359
42.70432 +16.00772
44.20816 +15.98435
216.45251 +83.29015
17.86519 -45.93767
58.23413 +40.11280
72.27255 +71.52197
112.27238 +26.91695
116.53506 +56.98637
116.59471 +57.02878
140.85135 +22.31314
209.59561 +14.45725
249.46906 -64.81345
29.22471 -68.38120
44.74460 +41.28856
72.09480 +0.22422
115.45930 -2.68699
244.48875 -60.92303
261.59149 +35.26950
316.86078 +18.05322
7.12407 +2.64861
30.56607 +9.96859
167.99019 -16.93044
243.88586 -62.08941
254.94704 -73.05804
257.64563 +39.92488
331.40561 +44.83777
72.71970 -47.76829
78.35563 +24.71394
344.96484 +26.03319
33.19178 +36.30344
44.16671 +9.42262
75.17081 -49.74682
107.66290 +39.72430
122.33501 +57.83424
156.87378 +1.25467
159.33289 -3.35772
39.50908 -33.70442
45.91383 +1.94786
245.44518 -61.42540
267.96976 +31.46179
18.40377 -45.33527
30.63495 +16.01418
96.18159 +53.27892
208.67583 -54.56146
244.21820 +0.84130
296.38278 +43.14062
334.02039 -26.68026
335.76013 +35.82086
33.53589 +35.71923
74.94176 -0.15764
112.51304 +5.80452
125.13929 +4.57170
214.56223 -19.97794
339.01407 +33.94810
6.16120 +33.25618
78.72243 +5.41281
240.05434 -62.56494
257.08167 +42.95783
311.54361 +18.93565
326.25339 +65.89506
332.58969 -65.50238
343.97900 +6.37751
358.80688 +21.76218
59.09958 -53.87801
111.54836 +48.95567
264.88654 +49.60164
354.28455 -37.71413
8.48890 +7.26826
169.78175 +3.23110
253.58128 +50.47515
270.41647 +1.90769
329.57516 +8.42396
0.54387 -43.97774
21.43440 -1.45670
42.46585 +34.98795
57.74887 -8.39185
210.89536 -34.07376
6.70304 +31.70331
46.15472 +42.36284
52.58021 -4.24256
57.45602 -71.63538
127.60523 +70.89108
137.50755 +22.85500
184.92979 -53.58604
220.59326 +22.33281
259.06906 +43.82047
267.08478 +17.94787
279.13522 -62.84827
339.34119 +34.48180
77.28102 +7.36105
78.31946 +51.33162
163.70143 +61.28990
243.80450 +11.29740
51.27227 +40.55860
225.20140 -51.73902
239.55573 -62.88722
258.09225 -23.43464
307.36447 -15.78048
352.47308 +32.08520
57.19375 +13.13917
60.19198 +17.58311
96.99992 +74.30170
133.21857 +72.92654
146.95920 +15.85121
260.94711 +26.48654
20.96636 +32.65888
50.16169 -54.29600
141.77924 -62.56814
164.96524 -6.15024
54.58247 +41.29274
55.26209 -22.71914
95.79782 -23.02795
115.68313 +18.32667
273.13989 +61.33191
355.37125 +3.73998
15.42566 +24.05801
116.04945 -35.80883
194.80467 +27.97694
252.47166 +55.54306
336.01169 +33.43692
60.62584 +21.62542
60.88600 -43.40012
3.74818 -7.26097
161.50444 +74.71137
164.54573 +1.60465
172.53564 -4.03092
239.88367 -66.13191
285.82321 -53.20560
58.40630 +37.26412
66.25544 +7.17099
84.44524 +54.16273
101.08749 +74.44345
227.05186 +10.27876
253.78998 +26.66292
273.19846 +25.41232
296.67068 -5.98418
117.35391 +74.33420
119.33908 +66.43714
325.42245 +4.10464
29.06714 -4.18643
71.95737 +72.86007
82.01116 +64.23401
89.32372 -52.37089
30.90150 +48.45524
41.19890 -24.51390
106.38750 +54.07661
165.36594 +27.71948
223.95279 +63.90348
233.81143 +27.32489
350.75485 +17.74173
3.43678 +30.19526
161.49748 +34.96487
190.99031 +32.17024
350.00458 +27.21332
28.68942 +39.38352
40.93268 -26.12060
119.22558 +15.84096
143.33717 +46.15270
203.83884 -34.20577
231.02379 +20.77079
312.02600 -30.22659
49.80014 +41.08921
54.58390 +7.63580
79.22418 +53.19175
118.95290 +24.70592
152.87578 +30.79155
172.32133 +35.57561
243.62561 +62.53671
332.10175 -29.05117
42.42031 +41.05506
212.17496 -21.59720
254.43745 +68.51473
278.37708 +67.13731
162.75375 +71.66348
165.79054 +50.20623
197.58624 +31.44395
218.59334 -50.02032
347.96439 +9.50654
47.60611 +19.60658
160.63116 +5.04393
259.81033 +48.98041
273.36240 +33.74236
283.45627 +34.99694
357.84421 +20.09681
13.95388 +24.14748
41.55350 -26.30716
142.59583 +19.46929
149.07385 -12.97101
238.46970 +81.80569
245.54016 +57.27094
285.50046 -42.62891
1.61278 -13.41611
29.84084 +36.82700
31.17986 -29.30077
37.80963 +40.39033
46.81561 +20.90739
108.40895 +50.03128
167.75148 -71.62160
290.28488 +43.32538
321.04764 +15.98817
43.68314 +41.86917
44.14426 +16.88472
164.52158 +17.12445
174.73724 -10.25934
246.90222 +59.56246
307.25616 +10.67870
345.38516 -46.64631
19.67179 -58.73139
38.37946 +6.52774
242.26366 -60.62251
0.69321 +18.88622
30.00173 +23.60433
36.44431 +41.12833
41.72374 +39.60376
78.31835 +66.46391
193.28403 -10.37819
197.05356 -57.73840
89.06876 +48.54326
102.07315 +25.52659
109.21597 +7.77371
121.20064 +20.69377
189.82878 +27.77349
196.08397 -30.16352
5.14240 +47.43458
112.71845 +13.05564
227.92305 +4.49133
342.33475 +19.28901
30.65731 -42.79585
69.94195 -62.72444
100.39465 +50.25982
125.74744 +4.27637
131.50461 +64.12178
164.85791 +46.12360
242.79694 -60.75302
282.86639 +58.08277
5.50518 +49.13343
256.26825 +62.45776
