98.21677 +47.52578
278.43228 +38.61812
11.25863 -60.76036
113.89048 +12.30399
159.92909 -46.33854
169.82370 +47.64827
348.59778 +28.44452
350.70087 +11.37287
7.68758 -8.41512
43.51471 +6.25791
50.08574 -2.08081
56.74219 +1.41605
173.65640 -9.64651
259.79950 +34.20068
289.30869 -46.68874
26.14772 +37.69578
100.89485 -23.32306
149.09633 +20.47736
244.25148 -60.87348
252.56364 +53.55206
332.64166 -22.65601
37.19552 -43.07456
49.77538 +41.08255
69.95562 +36.83420
100.02953 +60.08067
170.42038 +72.83345
181.28221 +76.13315
255.59679 +44.84467
339.88388 +8.61283
225.93874 +26.10078
339.09317 -24.34690
16.84350 +33.06729
18.91788 +56.89535
49.78886 +4.03850
53.02343 +41.59139
110.27227 +29.33851
29.22863 +33.01516
69.34094 +9.54448
139.69817 +27.95638
217.09494 +78.88557
244.88939 +57.61497
352.12582 +17.27789
44.02682 -14.18663
54.49828 +12.20650
101.55153 +43.79253
265.89316 +67.60355
359.74530 +3.63464
48.13749 +12.38456
282.20483 +73.36403
319.92184 -45.11754
36.00761 +41.99609
77.19881 +13.26065
139.25270 +20.03641
153.21042 +12.66667
331.47745 +20.63934
335.66751 +37.97758
71.95834 -62.61104
95.93987 -60.97899
182.15413 +38.83178
217.32494 +30.83222
3.57920 +48.14320
34.54578 +37.09618
100.96288 +25.84248
114.49060 +10.19321
117.15347 +55.81637
140.89340 -42.76156
208.20943 -30.70999
359.49695 -29.86636
20.82973 +33.27757
37.20436 +38.16689
85.39507 +50.98345
274.07538 +47.83603
343.68124 +11.71411
74.86289 -16.55953
110.78250 +2.76594
236.74901 -61.46436
263.35968 -3.36662
291.33551 -0.13824
30.27329 +6.52307
94.86969 +28.59863
189.12654 +26.20025
16.81086 -46.62197
26.03396 +34.38730
33.85513 -17.78105
92.19209 -33.91631
109.74754 +30.54800
188.70374 +50.80516
197.37698 -57.47108
326.91266 -6.36384
332.89282 +11.79594
345.61453 +15.55405
10.83754 -55.32692
21.38345 -1.50262
95.98002 +78.53012
233.16254 -17.60266
264.67508 +21.67510
272.46130 +61.42195
4.10379 +30.37370
35.52817 -34.43315
76.50108 +2.50250
192.54810 -41.22098
339.62604 +35.37804
357.81409 -2.82147
33.64220 +37.40794
103.95631 +40.00026
172.25978 +17.23204
31.23131 +43.15499
79.19242 +6.62271
130.39818 +66.44752
207.15526 -7.40773
327.80698 +66.26230
359.61838 +28.03411
20.40551 +32.60611
57.13604 +35.15023
121.74427 +8.00388
312.44775 -51.98545
313.28970 +67.17581
354.95578 +27.37625
146.82602 +72.98402
333.82974 +37.30149
346.28156 -3.20450
38.00111 +23.75585
39.61425 +1.90769
39.99160 +28.32543
41.60154 +35.22849
58.55692 -8.74176
60.54411 +21.95270
97.62232 +74.44427
110.78072 +22.20801
206.17534 +55.88696
347.95493 +12.94039
46.78767 +41.74978
111.30247 -26.98269
155.62512 +36.59930
211.02452 -6.86056
349.41479 -34.79081
42.33725 +30.66724
54.52864 +15.74473
20.86006 +1.70572
37.03758 +32.35872
62.15752 +69.83785
100.80363 +56.91280
156.82314 -49.12779
258.60092 +20.31393
262.31653 +52.18759
276.20282 +23.06662
276.63684 +22.42019
354.88528 +28.91834
24.11514 -36.37741
80.25112 +6.55774
140.55350 -59.47457
146.51511 +16.48505
192.19333 +41.92127
214.71774 -19.56758
274.62128 +36.32037
340.66391 +29.72536
39.07578 +35.96762
56.84520 +45.96934
142.57056 +23.66303
164.61601 +24.37338
169.47791 -1.94643
170.34601 +34.35677
203.02330 +1.59727
254.32637 +28.18771
353.77704 +21.63550
9.76912 +7.49267
26.48260 -76.47623
113.93095 +11.70979
198.70142 -55.37323
4.55039 +13.19226
22.69434 +21.44042
28.02836 +35.41477
48.87561 +41.25125
54.18854 -36.25623
67.92392 -5.06030
77.56080 +0.90592
20.22286 +4.80148
29.41217 +36.25535
64.43678 -50.16444
99.68767 +53.35551
103.29352 +57.17778
111.95293 +56.98561
146.65997 +13.65892
164.46901 -4.36245
177.38507 +75.99586
178.10982 +69.87702
248.61021 -58.56443
256.08109 +41.94195
264.64954 +39.21751
335.92300 -63.15124
162.88106 +55.39100
211.45461 -53.72269
353.45877 +4.87080
4.74464 -22.88036
9.91470 +3.44290
112.51791 +54.43430
203.22600 +9.52035
278.42532 +48.29297
16.29578 -46.35448
41.67367 -25.34666
48.59828 +46.18055
3.07860 +31.06108
209.26997 -24.80695
1.45172 +27.44943
6.83343 -4.89138
38.65346 +34.86943
50.12872 +41.50899
112.80122 +18.24415
166.73598 +7.17392
173.48140 +23.64375
202.15768 -37.57327
333.76141 +16.36787
0.89590 +23.20078
33.61996 +17.19718
212.95459 -19.85367
268.76208 +28.51478
99.53374 -11.62699
103.15411 +45.78063
18.90873 +9.30701
38.52082 +1.35152
113.78180 +65.00907
188.45909 +77.71143
325.49567 +22.71351
344.22165 +53.87700
348.95804 +9.51637
8.45944 +30.72343
10.12751 +6.91743
19.01868 +46.73050
20.19304 +33.04486
44.16850 +5.91294
46.93549 -4.31929
51.84032 +49.98370
95.00407 -37.19481
106.78400 +50.39299
172.94127 -9.67258
258.23230 +40.26651
293.36365 +35.82489
339.22949 +14.41231
20.66404 +5.38725
58.31742 +32.29874
66.71522 +1.70450
79.79832 +4.80584
121.66561 +73.34357
14.71260 +42.54926
41.34757 +11.45812
119.96368 +56.91502
325.61194 +13.89975
355.21246 +4.58816
26.59177 -83.39960
44.54866 +5.83664
146.51683 -3.97183
169.23424 -6.21945
188.22249 -5.71666
191.58348 +83.40909
241.97079 +69.90482
255.84300 +12.24650
262.64581 +23.62466
19.75976 -17.06040
25.12930 -32.70143
37.62920 +22.94966
49.56846 +41.73492
347.95953 +31.02121
42.09150 +41.61348
70.11102 +36.57642
168.88881 +5.11541
208.87401 +25.07366
269.38474 +45.26228
273.51205 +49.04417
309.19711 -45.30812
80.43552 +84.48225
207.62135 -52.94657
219.53920 +66.33804
278.02887 +37.61357
339.13699 +25.76318
188.69493 +47.75893
247.13156 -59.01028
248.24693 -58.20319
277.82364 +34.41954
336.33813 -31.35566
36.87981 +41.93079
47.55775 +19.26893
163.58575 -4.34676
351.14099 +8.61615
14.52177 +30.42558
41.30630 +32.97814
63.24903 -32.55328
75.98409 +31.56462
111.40521 +29.95410
273.92920 +51.78724
358.10080 -29.02300
12.00958 +29.95736
28.62516 -49.54239
164.20525 -47.65852
328.33200 +15.55224
342.41287 +44.00230
351.34235 +28.85680
359.15527 +27.10484
0.08051 +22.99055
20.14937 -17.38704
50.29230 +19.81230
82.35365 -85.92858
87.10085 +14.05663
167.47691 +24.25691
259.31677 +40.57943
269.27112 +47.74137
276.31555 +20.91300
3.34894 +28.36902
17.79722 +32.70179
74.21769 +2.79805
80.35094 +15.24114
180.28699 -42.74678
197.59369 -7.17070
261.35477 +10.27855
263.29831 -76.41265
274.33899 -37.35435
318.19876 +8.78233
352.00433 +32.16275
20.85037 +9.43354
31.02056 +2.78683
79.05717 +6.44761
145.43185 -60.79888
224.33894 +19.67286
268.67191 -60.91121
346.10324 +17.95315
18.56056 +15.89835
22.94496 +38.71704
166.82739 +76.69493
172.23740 +73.03485
342.38876 +32.36741
124.93330 +79.23483
150.67078 +70.74181
193.20515 +47.68511
297.86374 +3.56097
7.43213 +21.47683
35.34878 +16.56655
50.92897 +36.91960
224.71870 +7.00730
259.48398 +48.46775
317.76578 +22.91044
2.80934 +28.90648
4.94728 +9.16693
40.11917 +2.47872
45.85054 +4.49178
66.81724 +32.62514
102.48392 +25.70489
39.09909 +31.71140
88.03239 +16.19867
157.54741 +43.36104
196.98149 -56.22425
3.64241 +28.45044
31.53296 +49.90939
35.29895 -42.00161
106.97807 +13.08754
346.01111 +22.62425
358.85901 +47.28021
9.47550 -6.41283
29.55841 +19.09998
36.30923 -40.42410
139.34537 +24.88747
248.62488 -67.31165
11.80953 +23.05353
27.56452 +33.49560
46.54069 -8.83322
57.99617 +17.80581
255.56705 +30.70338
31.07731 +28.65591
47.02726 +30.47471
79.17298 +6.49377
121.81128 +4.46965
192.59473 -14.32187
267.67438 +14.82176
291.53961 +84.05520
174.26898 +55.58231
179.74577 +54.23900
245.42618 +55.08610
255.15077 +47.26485
272.91101 +25.65764
345.85211 +24.59707
348.61996 +4.19224
348.88376 -38.53559
207.58640 -8.45603
217.23729 +11.19689
250.80649 +74.70701
279.10828 +77.09093
323.10455 -34.37281
16.88649 +39.40013
16.93716 -46.86361
252.74521 +81.57473
343.54016 +8.53243
15.32057 -57.79790
42.22376 +41.77798
113.00191 -31.79761
289.36206 -1.77802
326.74789 +1.71274
335.78827 +32.14872
347.56888 +26.62102
11.81673 +7.91003
44.19555 +4.97783
253.04381 -28.29900
255.79465 +51.36711
350.20642 +1.73901
30.15078 -25.05117
103.29803 +22.31188
120.20720 +27.50032
252.55826 +55.38462
279.45966 +37.47189
352.31311 +26.37893
35.96640 +25.54206
269.20657 +70.29077
350.13095 +29.30716
6.79613 +1.33371
18.56186 +37.95641
33.27522 +22.85579
90.52180 +36.10443
165.79590 +41.70517
192.25635 -9.45704
195.96025 -72.12299
199.80022 -57.07512
1.49485 -36.13650
43.71137 +8.78440
108.29298 +18.99603
109.99305 +22.09213
152.62663 -41.92532
177.83746 +21.88916
180.40074 -53.35763
1.28355 -50.82141
38.79214 +20.85146
125.73266 +4.12174
159.13271 -27.22095
247.28815 +8.13442
305.11688 -0.70996
339.68497 +37.59712
12.03610 +28.61387
27.74370 +21.99750
32.74899 +37.82386
42.53688 +12.84364
105.76517 +18.48724
210.88019 +9.22090
247.61195 +40.72504
18.79929 +30.19484
31.91574 +2.14966
44.29813 +45.14341
174.83626 +46.51342
274.12677 +29.90402
275.71121 +51.31922
349.70807 +7.04610
352.51248 -31.15636
27.28578 +13.05982
27.31245 +20.71129
42.77686 -14.72295
231.30083 +7.15480
254.41612 +40.70734
132.81161 +71.85234
153.16768 -64.03145
206.56502 -32.97332
226.37132 -49.56887
260.58209 +2.01842
334.14319 -26.82040
34.04809 +17.97137
47.12805 +20.77233
65.43729 -64.22285
67.12843 -53.73792
245.06282 -61.01249
327.70764 +2.02072
346.46426 +31.06355
0.61004 +3.35193
3.55358 +22.76650
22.60798 -26.78004
44.28839 +5.32091
55.95388 +14.31826
86.12358 +69.29898
96.40437 +65.33323
99.03418 +39.41447
105.89612 +40.31770
187.11365 +18.41529
216.80083 +69.89898
237.75076 +81.77644
273.04202 +64.98252
282.57684 +73.35149
312.62082 +9.81578
351.17056 +14.63203
107.71490 -35.38614
110.34985 +22.53207
210.35289 -9.82417
345.04022 +31.37513
352.50473 +27.08677
64.32913 +2.43331
76.77712 +3.97858
211.77309 +72.16904
303.01630 +5.76368
27.93925 +33.53738
30.42358 +46.40462
42.00937 +43.03383
50.01586 +1.36153
107.10121 -23.79316
287.63107 +44.31034
326.77750 +10.13941
335.38248 -37.03139
6.82178 +24.16925
14.19064 -63.48771
