332.21478 +44.53984
9.81546 +6.68851
10.04502 +22.71581
44.81821 +7.30522
118.29321 +8.95449
150.98761 -6.49650
255.35118 +81.68348
255.48366 +28.38809
276.73877 +56.08774
288.94260 +43.44072
110.46454 -48.80380
152.83286 -0.02289
236.08957 +41.08641
254.61467 +59.11956
333.07108 -62.72489
335.63181 +2.77515
17.65885 +30.43955
190.65038 +78.12236
269.80814 +56.23177
2.89543 -83.88375
36.42004 +24.96500
124.00569 +58.33407
149.42792 -5.10348
151.83403 +10.36117
173.63304 -9.53345
197.60802 -51.62271
235.93176 -66.47406
315.83276 -72.68788
349.92236 +10.18500
0.89954 +10.60383
24.08441 +17.81620
68.88505 -13.55644
243.69850 -61.19522
294.61884 -51.78701
329.53821 -48.51383
12.52393 -12.18431
37.80324 +43.35839
69.31955 -44.51992
148.78516 +14.29142
150.21275 -65.10277
198.05109 -56.74525
242.66942 +2.11102
260.67844 +48.19279
267.66391 +17.20930
331.68298 +9.35206
357.07541 +2.34229
18.30587 +8.86514
101.76190 +40.02205
127.09373 +25.12500
174.06395 -70.80756
189.61632 -23.64021
243.60449 +10.51491
278.51031 +20.30397
77.51854 -14.94696
108.12106 +28.59569
120.46331 +61.41314
134.27821 -24.75038
201.70581 -36.75647
319.52634 -46.30073
335.16541 +35.22227
57.38552 +46.99400
101.44301 +46.04914
113.82687 -50.25002
166.66483 +15.04093
357.74991 +27.21906
119.55775 +8.15044
144.82191 +36.56229
155.18251 -37.77957
355.14005 +27.24231
71.93896 +1.81927
181.12617 -54.09267
31.24018 +21.11717
40.85818 +31.47089
157.14142 -50.39194
280.56290 +24.89757
358.97366 +12.19002
21.04318 +28.60646
191.05156 -34.15231
260.37762 +44.46681
267.32874 +63.75883
68.06090 +1.72660
110.31426 +63.65058
122.52946 +57.83688
197.92227 -5.43995
351.47125 +27.00745
10.48713 -32.97026
18.24594 +40.02135
93.18070 +47.51423
110.80377 +37.45915
112.67889 +55.53580
135.96391 -56.29651
236.68697 -42.34104
248.73889 -62.45354
7.85879 +6.20675
17.69699 -45.75656
21.78708 -20.03662
34.63114 -6.60357
61.37659 +4.44540
79.24664 +0.92208
318.94043 -42.42712
342.16992 +27.61105
351.91617 +22.75891
3.11122 -27.46962
35.98160 +27.49281
37.23056 +28.15125
106.85622 +18.50907
113.67918 +54.82592
149.78769 +50.98797
166.34962 -2.52828
251.56497 -14.86820
260.92224 +52.01109
317.95047 -19.75085
86.41429 +58.59941
181.18820 +31.15943
193.49861 -72.04541
327.12268 +29.39651
337.99484 -25.36039
108.84660 +54.98710
162.71703 +1.16534
220.09943 +6.30720
266.44821 +60.89746
339.95599 +38.21542
7.51872 +38.32815
51.79506 +46.94342
78.18907 +6.26806
78.56213 +4.92959
104.12721 +27.95234
120.01678 +23.43785
245.40320 +58.69854
336.18109 -13.68578
359.97498 +46.88516
21.62855 +34.67548
31.41537 +39.83941
40.50822 +42.54705
75.22838 +1.37251
108.68569 +54.97229
120.76215 -59.36852
185.41159 +15.74519
201.60905 -25.40632
210.78198 -34.15534
243.21164 -60.64335
315.57074 +15.13176
0.49125 +21.62112
36.66081 +37.13623
38.85199 +19.94121
79.42574 +0.23305
213.47385 +20.97902
358.32812 +3.71786
16.84744 -32.82903
264.07172 +22.89316
332.24918 -35.14779
340.48309 +20.26147
130.70197 +45.64078
150.52901 +11.48965
157.35268 -3.74606
187.91084 +27.49556
244.47884 -61.21624
266.53128 +35.56939
4.15521 +6.63418
108.83340 +26.08898
243.68771 -60.92662
244.49382 -59.26027
26.15974 +38.20277
39.90480 +10.84367
66.52296 +35.20881
243.19386 +4.59810
247.58481 +8.62883
259.80682 +49.97679
320.34137 +29.45344
327.02222 -53.99477
331.80170 -29.83747
347.39346 +15.65474
17.83837 +27.92860
198.07356 +26.68613
300.28287 -23.87257
357.17383 +2.23975
19.28470 -61.46464
180.44318 -52.93512
249.18761 +1.67993
332.96509 +26.14924
346.69278 +19.12209
336.45981 +17.66930
340.14029 +33.46645
9.79260 -8.39710
28.13571 +36.11517
117.54752 +34.41530
119.76751 +59.13671
197.49814 +30.03973
228.28448 +4.49718
288.88431 +42.90985
323.41852 -36.93947
0.39929 -27.57649
30.90454 +15.74679
59.60236 -52.14089
214.35425 +8.04996
34.50145 +31.88181
45.49988 -23.82395
55.81070 +15.47979
251.46788 +5.34682
271.46979 +34.01716
356.88254 -28.10711
16.74253 +32.30846
24.28043 +4.88525
59.42744 +6.30002
123.92401 -23.06543
124.77305 +68.20223
154.51390 -3.79480
333.33844 +38.83094
333.60083 +15.37661
334.77631 +24.59821
51.26749 +2.89667
220.57495 +25.50931
335.44846 +25.32030
2.04280 +27.00424
102.52618 +20.23418
160.58121 +6.20132
193.34407 -22.68785
213.26715 +42.00529
232.35893 +82.58394
251.90198 +8.75294
268.57822 +18.94847
356.56912 -25.79152
16.88513 +70.38660
48.77777 -33.73030
182.68266 -52.53306
186.09991 -56.37773
33.10243 +8.61854
38.84378 +37.48584
41.49696 +41.32184
54.86767 +13.39305
151.27698 -9.97222
155.07072 +78.46642
177.83083 -5.66215
200.11613 +14.53379
275.24969 -63.34796
280.11215 -61.90235
350.90479 +25.19375
15.63167 +33.98061
29.98036 +24.31222
37.45839 +9.84814
43.31882 +47.57093
43.46847 +2.29067
165.73917 +50.67018
236.00803 +27.69935
315.77942 +16.03066
316.94122 +3.87764
2.90889 +27.94792
50.87415 +1.32419
55.82243 +15.55613
188.56165 +11.07159
284.62805 +58.60226
317.81271 +3.52235
4.32247 +30.20915
28.45860 +36.78748
36.07528 -79.92539
66.64148 +28.60764
85.84598 +69.43098
129.24718 +1.79209
262.97601 +6.50192
3.64186 +5.23424
27.49139 +22.01222
43.83271 +6.12461
50.30661 +7.44345
55.66326 +15.64346
68.80014 -54.20568
156.03200 +0.14198
191.94357 +4.33608
230.98175 +46.59957
43.97434 +41.74394
56.89799 +72.66601
73.68368 +1.34880
258.62650 +23.05942
29.42424 -26.05525
165.45428 +44.44818
210.39342 -23.13871
239.46007 -22.49421
244.38690 +58.33771
4.27107 +42.16136
12.55410 +24.49762
14.11233 +50.62217
19.31486 -50.93128
22.43982 +16.92649
253.05373 +81.62012
292.32236 +72.13727
314.34845 +17.12901
78.37627 +7.41907
201.90491 -55.81845
254.04372 -75.75610
13.53545 -61.92855
49.27837 +31.58339
49.96802 -2.59204
166.16246 +5.20057
173.67424 +48.94441
315.05609 +9.55911
17.01231 +31.67495
38.22621 +25.09326
116.78005 +62.38252
219.44786 -51.25880
246.72182 +51.55509
263.37781 -53.63661
314.40289 -38.48258
346.87656 +27.68341
353.51950 +9.71389
95.45996 +27.16831
109.51315 -29.73343
202.43541 +33.33908
256.77988 +8.92686
261.39017 +20.77370
298.24765 +42.09649
15.19119 -85.52295
92.14404 +62.64825
103.18362 +55.59528
200.06264 +30.89979
282.68567 +33.95978
324.27292 -70.98255
338.65378 -22.48508
30.95420 +43.00219
39.53148 +1.38839
52.22400 +40.03634
86.20692 +9.67771
96.29048 +28.55373
113.32587 +32.54602
199.61079 -15.76959
312.03204 +16.38323
76.20724 +76.86585
105.60869 -28.71002
117.49370 +55.92436
156.35809 -67.65292
313.45178 +7.84643
17.09562 -47.09877
68.04195 -10.64387
234.40627 +73.25684
318.54044 +2.99377
325.11459 -63.95407
20.70278 +33.96862
79.63369 +6.38381
105.50985 +27.82823
113.47131 +49.29197
177.10712 +18.94011
226.76718 +21.21066
253.99727 -1.25037
260.78070 +12.90661
277.35345 -77.00203
335.63263 -38.63204
345.74652 +16.60443
3.94998 +19.98293
90.81245 +52.05258
107.91665 +7.34656
190.05386 -5.79928
243.07297 -61.40281
246.82253 -60.07357
281.48892 -72.63003
339.58972 +35.95913
55.31524 +15.35856
123.47061 +64.33720
206.99026 -37.94215
243.08841 +4.60662
62.84118 -46.00754
66.71043 +40.47395
167.02513 -5.16720
174.21475 +20.00497
176.49773 +20.44720
205.21681 -28.08881
217.15953 -3.33147
333.71503 -34.09359
357.13272 +24.60355
37.85899 +1.34627
341.37076 +21.80795
355.17722 +27.17805
42.25470 +15.73328
122.59341 -18.28609
193.02094 -9.33336
231.60666 +42.35402
326.56952 +9.68554
5.30532 +30.47436
5.31687 +30.50601
64.77476 +26.17995
84.14657 +50.31287
129.59593 -55.17814
203.79207 +75.02831
211.82018 +75.92932
239.10210 +42.39555
275.18738 +38.14288
338.38898 +30.80480
347.66217 +9.18890
342.21188 +27.96264
34.49905 +35.76322
76.99358 -77.35958
79.80300 +5.87813
109.95545 +6.57722
113.09857 -5.81231
123.71638 +0.06628
218.38350 -33.80445
264.80789 +63.96141
355.67709 +8.49011
358.32651 +27.70540
57.68958 +74.12666
91.40054 -19.00777
195.39059 -53.27441
36.24560 +27.52383
52.20330 +40.16849
99.90318 +43.37135
313.86627 +15.50564
319.24191 +83.82124
338.67328 +51.15293
352.61044 -17.72821
26.12723 +17.10247
35.88096 +27.32332
69.57954 +72.28143
93.85538 +34.04271
103.34624 -29.36992
170.55489 -5.80577
345.13443 +13.03429
13.29960 +31.64853
42.47399 +16.98485
54.46736 -19.00836
105.60857 +19.97017
257.90866 +49.56384
261.32687 +23.31674
280.60931 +32.37553
69.44174 -47.25331
170.08376 -4.45421
255.37131 +30.32510
283.40204 +66.23209
21.27950 -38.00775
57.63612 +36.53246
65.27841 +66.07570
66.10765 -53.40189
118.57560 +3.38323
168.67799 -70.95335
229.92032 -48.96288
259.08917 +7.05292
269.03568 +64.28368
338.50085 +20.27589
154.41525 +22.80997
163.26601 +4.63179
339.71164 +34.30304
343.70959 +21.80653
9.66904 +29.58652
50.07175 +80.24631
92.29403 -54.40684
140.86720 -62.88226
247.69554 +3.50877
257.09198 +0.96408
341.95966 -61.40157
21.19272 +2.07528
42.24886 +47.10343
77.78813 +6.32263
116.43520 +4.98134
279.51871 +37.22837
324.94116 -22.40644
32.39415 +6.09633
203.03651 +76.84051
279.21390 +51.43458
343.24692 +11.82627
12.52360 +7.19302
256.77588 -70.79778
258.73102 +6.21216
260.43845 +75.84864
270.84320 +29.09167
348.87143 +25.12041
53.30506 +36.18438
70.09169 -44.80415
117.96138 +55.08754
200.93062 -35.89507
222.65767 +22.73429
307.87619 +7.11311
44.11814 +4.61050
52.24049 +1.75071
68.23390 -13.61069
157.69130 +73.88538
345.33209 +28.40122
169.23447 +35.25389
354.30304 +44.15802
8.38687 +19.95911
84.33105 -42.40946
165.98753 -6.41183
265.94363 +34.58060
345.52356 +25.76119
28.09064 +35.79619
55.71453 +15.99851
259.14291 +7.32616
8.93468 -45.74588
29.40705 +37.45638
277.62875 -47.44862
12.70632 +30.16423
17.55857 +50.17534
20.37072 -61.37613
29.28759 +17.77006
166.83150 +18.42992
359.36554 +18.31142
5.32291 +23.09087
47.55898 +42.82915
51.99688 +39.90435
158.99229 -27.56246
191.86728 +3.03860
197.45174 +59.02217
241.45219 +55.36468
255.19621 +29.82057
6.45859 +5.41541
