336.33813 -31.35566           
92.77869 -33.30823            
179.11993 +50.42844           
151.83403 +10.36117           
185.90501 +17.53758           
199.07126 +25.40656           
173.43094 +32.63607           
222.85141 +6.80135            
338.99130 +33.96563           
240.97485 +25.01148           
216.79175 +35.92077           
186.49567 +3.42732            
21.14613 +3.79241             
87.22076 -25.63480            
210.63995 +14.55083           
168.48628 +12.30256           
254.18703 -62.40311           
179.73712 +30.41361           
179.04353 +60.52499           
233.64651 +15.19837           
253.46756 +39.76019           
164.61601 +24.37338           
171.23334 +13.22535           
204.06407 +38.34299           
