35.63711 +42.34832
253.19304 -59.21694
180.47154 -18.87720
119.56254 -49.85141
176.52693 -56.39111
166.95212 -46.52607
228.55595 -46.80920
195.98743 -11.49658
21.14613 +3.79241
198.58429 -46.12486
36.45925 +18.49900
214.54398 -48.01007
334.21899 +40.50461
240.89825 -60.15027
144.63959 -61.73849
313.00681 -69.19331
248.04597 -28.09203
338.99130 +33.96563
44.92850 +25.24116
109.01704 +64.71144
266.78830 -64.63870
169.86806 -52.37164
298.51028 +49.93785
107.92250 +49.86194
253.46756 +39.76019
84.13493 +16.64138
192.60051 -40.84406
179.04353 +60.52499
299.05533 -56.91088
198.59880 -46.11149
50.21587 +38.25396
73.29381 +34.38468
269.89282 +24.88696
233.64651 +15.19837
12.76885 -7.06564
186.49567 +3.42732
198.04916 +44.03802
68.62046 +73.20483
204.96796 +0.83959
204.06407 +38.34299
273.02310 +29.15589
162.05811 -53.30164
253.20181 -58.94614
30.24208 +46.14169
286.73788 +50.34788
193.75522 -40.97074
260.77945 -18.82854
358.50485 +47.48952
340.57666 -30.05533
95.04860 +66.58498
204.04439 -56.53991
48.12000 +42.70210
294.67914 -29.80437
39.86527 +41.49332
185.90501 +17.53758
270.60291 +26.04333
254.18703 -62.40311
13.69481 +28.71677
191.90527 -53.55005
260.03714 -60.15863
160.49231 -36.93546
199.07126 +25.40656
197.63835 -46.99601
48.27784 +28.63489
113.28941 +19.19943
108.47553 +50.39877
173.43094 +32.63607
210.63995 +14.55083
240.97485 +25.01148
233.14616 +83.07875
150.66116 -45.49833
179.73712 +30.41361
308.76947 +1.93927
153.67419 -44.85438
47.22824 +41.46693
168.28226 -69.26171
168.48628 +12.30256
38.05933 +9.72019
280.11508 +23.80541
268.06354 -60.74348
331.40561 +44.83777
225.20140 -51.73902
164.85791 +46.12360
20.82973 +33.27757
164.61601 +24.37338
121.66561 +73.34357
336.33813 -31.35566
105.76517 +18.48724
216.79175 +35.92077
146.13724 -31.79193
216.62743 -54.36800
212.22964 -26.94907
267.07401 +34.10186
326.65411 +8.29245
150.31403 +70.98558
229.82971 -41.23313
87.22076 -25.63480
338.61057 +25.03041
332.95538 +2.43986
165.09909 -9.98247
160.07858 -48.56533
207.02721 -30.53477
224.62294 -6.81913
316.51901 +15.97284
275.74716 +43.66069
2.38672 +48.13519
188.93938 +74.24265
179.11993 +50.42844
247.29886 -61.44412
139.37946 -62.88449
92.77869 -33.30823
342.89276 +50.00743
45.53629 +29.10833
143.55876 -61.28178
262.31668 +16.16222
78.80109 +59.94873
30.66496 +27.57485
236.29814 -66.29025
171.23334 +13.22535
14.42362 +43.79255
258.87546 +43.75245
51.56417 +38.06500
340.82666 +33.99917
82.32497 +55.78199
50.52222 +42.17030
7.59891 -48.68461
202.48170 -54.66367
282.93143 +26.55486
144.57854 -39.01448
342.20261 +33.23626
222.85141 +6.80135
149.65462 -47.08334
175.22606 +56.20223
151.83403 +10.36117
86.41429 +58.59941
201.60905 -25.40632
271.46979 +34.01716
54.86767 +13.39305
292.32236 +72.13727
199.61079 -15.76959
253.99727 -1.25037
57.68958 +74.12666
92.48009 -33.64934
283.10095 +73.19436
39.49355 +34.24118
1.97806 +20.41091
