192.58022 -13.32434
187.18982 +44.86422
269.01553 +18.37301
309.14096 +11.49471
336.61490 +16.14821
17.86522 -38.08347
88.72334 +46.43934
38.69572 +32.84621
193.21925 -15.41330
185.08655 +29.31088
19.89470 -58.52430
143.02599 +8.44186
273.46207 +18.82528
30.27688 -6.81585
244.08136 -61.29609
290.23920 +43.13249
126.78362 +25.97034
142.37601 +7.71882
224.66591 +53.88609
119.30725 +23.76772
181.34456 +50.35279
185.75795 +58.44464
240.89825 -60.15027
278.60318 -58.49662
49.97563 +41.56340
55.48924 -4.70486
101.59170 -26.10872
242.90390 -61.08137
192.77826 +10.91208
74.83596 -7.85896
140.51875 +71.84400
227.20476 -11.20784
290.37863 +61.14489
167.64497 -49.10261
21.41789 +34.71297
269.02380 +33.20840
75.18213 +62.24403
250.76794 +61.57890
261.79810 +11.54360
280.16721 +36.28964
263.88681 +60.81340
298.59802 -58.71356
29.45973 +36.34310
64.10223 -60.20682
13.78131 +31.54228
184.98358 +5.34335
27.43241 +35.78563
344.84540 +53.74006
233.63496 +15.19382
243.17395 -59.24279
292.48444 +72.11282
45.91000 -15.61349
246.34970 -62.63799
299.20499 +40.41113
288.38190 -47.06146
344.48972 +26.15000
147.73804 +33.55353
244.79811 +57.98415
268.99911 +18.33826
234.34344 -16.59577
238.59641 -61.34001
280.79782 +18.72762
74.86555 -11.12295
119.62518 -14.35427
320.28177 +23.08496
264.88159 -85.31042
308.77884 +64.80280
155.29276 -46.01300
174.58920 -50.71536
111.80984 +85.75455
250.51299 -5.03264
37.70269 +37.13677
107.05820 +46.11585
170.99277 +38.56237
193.00214 -41.14692
217.54340 +31.21550
112.05420 +58.50670
209.96175 +38.18245
339.23407 +38.54806
44.42320 +6.02693
352.26590 +11.44516
184.35947 +70.80257
38.53295 +32.94725
328.11017 -81.53082
108.30081 +12.26608
21.67731 +2.02235
281.73990 +45.70566
107.91849 -26.70506
271.09396 +7.28035
73.65974 +3.26797
269.87839 -63.66873
186.79828 +9.42055
124.48503 +0.74569
71.03761 +28.21681
27.76600 -9.70262
335.76752 -79.99696
134.87695 +44.91398
260.92096 -65.01024
77.94227 +5.20061
172.04588 +25.66110
250.76562 +36.83241
335.80014 +40.05562
274.92859 +23.70956
47.77229 +35.38682
223.31261 +3.95973
46.13481 +42.33931
101.51486 +29.34813
54.66073 -18.42797
304.87347 -70.85986
65.53724 -43.62957
82.85757 +67.73055
10.36676 +25.49937
4.43965 +11.45033
279.35901 +26.41720
42.66879 +41.67149
187.74892 +8.07794
240.95560 -60.97781
274.63947 +13.26502
305.88785 +58.34405
118.51998 +74.38624
310.97379 +12.51192
327.74268 -71.41329
9.21500 +23.99092
26.06091 +28.70592
49.18333 +65.02867
186.90285 +8.15434
226.36450 +1.63471
118.58653 +4.45970
116.05669 +31.65121
197.57387 -75.49657
198.16614 +12.59975
247.15945 +39.55135
9.82677 +3.03746
198.51341 -16.12312
15.15170 +30.66898
270.46530 +6.96825
190.67067 +14.29585
144.63959 -61.73849
153.08278 -47.29475
182.50635 +39.88386
186.39626 +45.68466
333.13147 +38.68277
352.11624 +22.42120
15.46144 -6.79981
306.91205 -47.02702
27.62853 +6.14521
35.83488 +41.95141
313.00681 -69.19331
123.31101 +45.98979
277.41141 +39.86514
143.63167 -20.92035
241.92058 -60.67034
155.45415 +74.17687
83.20146 -14.06280
27.63849 +36.37081
23.76930 -41.43620
144.12619 -62.09931
336.04617 +36.12587
9.82741 +3.33130
35.80408 +42.98782
53.57664 +39.35676
222.28532 -20.37603
36.36157 +41.82429
245.25694 -36.14211
352.22870 +17.30963
21.59075 +34.70303
217.06816 +25.84878
241.46660 +21.48496
17.15397 +39.64431
339.33075 +34.44790
165.40979 -70.95306
37.06029 +31.31151
70.40211 -1.80902
74.82244 -11.11866
216.05516 -16.72300
48.03888 +67.40597
280.80191 +60.65333
229.04144 -44.01487
295.42551 +50.63249
132.10577 +73.96716
351.83057 +12.46740
5.34335 +22.43362
138.66339 -60.43414
198.10977 -15.79786
275.59128 +23.47855
16.82331 +32.48288
190.23984 +11.91212
202.32982 +17.05172
21.19116 +9.99452
138.89549 -35.64804
146.91730 -30.94887
276.90463 +14.81906
349.90250 +8.06324
102.21162 -64.33553
113.54065 +31.40585
285.37787 -57.53204
6.49886 +29.21207
175.05627 +15.34236
197.46536 -16.51571
264.38916 +11.12173
282.64227 +26.83838
208.54880 -7.58813
38.67966 +23.41306
310.87527 +80.15600
273.92914 +24.91243
268.17429 +29.83867
149.52888 +10.35979
176.80133 +89.09319
94.27003 -27.38858
194.54327 -22.87601
38.16598 +28.06994
45.40020 -14.83660
201.00720 -32.34394
138.37563 -60.78953
17.30898 +32.75214
353.61453 -36.10108
131.02464 +49.79391
326.81720 +72.47214
350.76373 -67.65372
93.62344 +80.44989
164.00610 +57.11697
320.80804 -45.77311
24.66347 -42.52752
37.04644 +19.59912
223.56857 +42.55784
46.43062 +36.78617
43.93422 -14.20778
176.05730 +57.94818
263.16571 +16.40177
27.30857 +13.05531
219.39697 -54.07935
37.12513 +51.44643
87.82441 +79.69619
27.71341 +36.27577
76.64865 +75.59538
282.87448 +26.48375
349.73605 +0.24384
37.36459 +31.64093
39.07589 +11.64207
277.66580 +67.98701
83.85654 -17.81529
86.44950 +58.70107
123.75037 +73.57896
174.93578 +31.93128
248.04597 -28.09203
20.44914 +17.59242
224.85329 -16.69347
320.63080 -36.68155
308.08020 +11.36730
23.42051 +44.92869
74.06179 +30.05223
232.00279 +64.76316
29.60963 +71.11890
113.13213 -84.07233
43.21276 +42.20544
110.80168 +58.06479
112.24871 -66.89830
217.13045 -37.58375
102.77623 +12.92204
5.38207 -48.62473
171.79659 +17.03028
188.71193 +15.55148
347.26422 +18.17720
174.34911 +61.75936
16.92752 -46.90759
32.41074 +35.79723
39.81229 +30.15167
338.99130 +33.96563
72.90347 +67.21676
345.36932 +1.75340
63.41165 +25.48292
108.11954 +47.16677
181.47295 -29.29208
332.73624 -46.08147
193.57919 +27.06806
68.20453 +71.88311
157.45244 -35.32238
288.51614 -56.61071
354.62241 +27.03137
153.04941 -62.53339
16.81536 +32.52035
74.84537 -11.13232
349.97684 +43.95771
168.24449 +72.87931
345.03687 -12.80789
243.48415 -61.01143
128.04713 +22.56058
171.92165 +66.58981
217.30617 +30.02641
294.46509 +41.00938
274.42117 +22.23845
108.88461 +64.92622
187.23976 +13.24192
208.36543 +37.91504
54.84105 -22.72470
126.20948 +73.41203
182.20816 +74.90430
46.88714 +42.38755
27.22273 +10.52162
107.28328 +48.61554
171.61084 +57.04832
49.74217 +41.47009
174.92708 +31.90941
155.16005 +25.50500
192.94110 -26.09018
20.73061 +33.17392
49.19466 +40.00364
230.29836 -23.65841
359.85626 +20.74985
305.89130 +6.44366
319.23038 -42.26001
348.93527 -2.38150
29.42582 +35.91612
348.20273 +12.67931
192.90686 -26.11741
359.81589 +46.88923
0.40968 +23.48363
31.23192 +28.98743
298.03650 -30.82527
29.23754 +40.34139
32.82233 +37.49717
95.59194 -64.93407
308.23312 +54.50876
123.55893 +21.35550
44.92850 +25.24116
39.31034 +7.30563
162.92751 +43.71262
21.43460 -1.37948
62.19194 -62.79759
193.40002 -8.63875
291.01321 +53.62478
132.59186 +73.46309
143.22049 +67.61740
182.96864 +24.12366
344.45630 -65.03855
28.28516 +36.81985
46.54128 +42.37193
265.63327 +0.21680
124.95132 +22.03143
357.74408 +27.14740
107.39245 +50.18225
109.01704 +64.71144
194.43719 -29.76635
281.31232 +25.51258
103.89884 +39.76460
198.95216 -16.51890
205.05341 -51.14226
266.78830 -64.63870
327.05432 +22.15958
277.24890 +6.80764
318.44110 +13.57491
128.97313 +0.70719
168.86230 +18.11036
238.93034 +47.86729
244.29504 -58.31253
27.17498 -48.64849
107.04591 +50.68193
112.02640 -62.36312
214.49808 +25.13685
71.09803 -8.53119
235.37668 +15.78767
39.11595 +38.96907
131.32123 +85.74001
190.60526 -6.97100
32.18549 +38.77721
113.26947 +65.07912
31.51678 +29.79301
157.27661 -35.59520
79.16167 -37.10252
100.13566 +50.10551
116.03802 +29.24743
324.16394 +35.69472
8.90174 +9.12424
39.16151 -54.85978
161.16405 +76.80944
248.82985 -58.21879
209.23616 +37.61036
295.74484 +45.29819
26.85355 +27.88576
43.79618 +51.90716
71.11874 +75.63974
163.83778 +7.69675
169.86806 -52.37164
14.17354 -52.97591
280.43097 -63.94819
153.36484 -38.19612
223.45631 +83.59052
241.10439 -60.73744
298.51028 +49.93785
265.68225 -61.69427
128.82230 +28.47346
88.85545 +51.91061
175.28212 +24.82170
262.34113 +16.20675
85.46301 -64.30113
192.79988 +71.63671
254.49208 +27.85439
358.36163 +7.87566
194.93904 -22.17540
72.39178 +0.25285
