7.54462 +2.09344
9.74767 -9.00270
155.64366 +19.88705
262.40622 +75.70433
15.77957 -6.98835
46.47956 +41.59201
85.81379 -30.07839
252.83435 -59.23450
37.64031 +32.17624
43.96768 +9.31175
49.36339 +41.40513
244.69667 +7.41096
79.15474 +6.44801
112.70210 +73.70637
323.88470 -82.90216
338.60141 +50.44329
64.14293 +2.75907
322.06271 -37.86132
40.19609 +43.81793
125.67158 +4.26239
144.62148 -61.82962
284.68134 -63.13924
63.09446 +5.54698
190.56856 -40.64206
141.06676 +49.24911
242.31696 -60.53078
98.86206 +48.84401
141.88599 -60.77080
155.27304 -66.49207
187.15170 -43.26174
202.48247 -20.68464
72.38952 +69.47502
193.21039 -40.45166
207.06950 +68.08500
216.17831 -3.21216
306.54022 +1.15550
122.96880 -18.30034
200.49814 -54.61255
188.64484 +18.20261
200.35735 -16.30575
210.11063 -53.72514
20.12871 +50.14448
80.42296 +72.33145
103.26345 +23.13576
307.14609 +25.73334
2.84294 +6.38929
21.33645 +34.02512
59.82135 +6.68717
40.78017 +41.06442
48.13794 +39.31892
215.41005 +35.20491
24.57774 +35.36484
122.56330 +33.95655
189.29878 -72.59201
309.47873 +10.63133
56.91578 +39.34687
191.19606 -10.19784
214.24504 -75.64719
134.78366 +11.14915
148.03404 +29.23623
271.25259 +9.48107
10.90234 +30.58699
32.75539 +37.66628
314.31412 +25.96487
266.04160 -60.97846
267.15979 +51.15726
14.81317 +76.51294
27.90439 +8.25658
56.43248 +46.67354
104.65676 +45.21058
20.99226 -35.11512
32.23441 +7.97148
57.65080 +73.03143
43.92758 +75.15440
284.29013 -62.09093
314.45975 -43.37441
239.37575 +70.68913
244.21643 +53.00599
267.64624 -1.65170
4.18407 +7.07609
39.35619 +21.10080
249.22318 -61.02774
21.17354 -1.58707
244.33398 +34.90148
64.40614 +36.28584
129.58064 -73.54368
217.84377 -28.74962
281.93414 +23.34728
295.02570 -77.55817
40.64829 +34.76351
27.09361 +11.52154
269.85529 +6.28703
17.89981 +49.12111
64.66727 +2.56082
78.93105 +19.36299
94.00586 +75.93651
37.66044 +42.23221
277.87057 +16.12277
316.40576 +11.41417
9.62248 +29.51121
171.47058 -35.39457
358.30206 +28.28344
14.38637 +30.28076
20.99898 +33.90783
193.16255 -39.02828
269.81131 +45.88708
52.86472 +4.38088
316.68967 -44.81471
355.14020 +29.18817
68.17388 -43.71589
309.83707 +10.80570
63.50277 +36.84765
177.49716 +21.33367
208.04201 +2.32511
20.91908 +33.28066
165.00992 +14.84159
72.83232 +23.20801
37.30826 +23.08271
263.91626 -6.59937
14.02509 +24.12690
189.43245 -43.62113
69.07763 -2.83138
214.24667 -44.97734
112.06236 +63.25560
254.63075 +58.93626
332.89740 +25.86438
71.33176 +11.06796
114.23622 +35.24196
267.44357 +72.02114
68.13644 +16.63417
128.95212 +1.72169
168.51366 -14.08727
223.55211 +4.75020
246.52161 -60.52674
343.42020 +33.70914
283.84192 -53.81845
43.42170 +6.26562
43.45937 +12.84924
71.02666 -5.46571
110.64454 +71.59895
273.00513 +21.46349
317.96680 +11.27616
351.61526 -81.91158
279.60709 -57.49044
350.97510 +9.66749
352.07397 -67.82137
184.17549 +69.46257
36.03331 +47.96967
206.28618 +41.50335
48.53544 +42.74921
144.63196 -63.93346
44.99421 +36.82048
67.04025 +21.65534
53.03050 +47.79405
29.62519 +25.36011
34.42223 +12.47061
51.51290 +41.25229
1.81601 +27.70808
332.53818 +41.01727
61.44856 +25.40841
106.07666 +23.90177
350.22867 +25.89856
28.14459 +36.50089
69.08176 -65.14110
180.95441 +3.54821
185.36826 +6.65356
218.49641 +3.77801
25.61350 +26.14307
132.49312 +70.29944
187.84235 +57.96465
333.66635 -27.46398
52.58123 +41.57275
159.54475 -28.78333
294.34396 +40.70551
36.18507 +42.62300
269.31223 +12.17946
349.39056 +29.01940
178.78848 -18.92743
330.87891 +12.63677
250.36517 +57.78363
347.92075 -2.16004
263.58170 -60.87154
196.25104 -47.23690
24.20440 +35.51219
203.47702 +3.28359
275.66217 +15.69800
135.66101 +25.93451
216.01993 +33.04745
47.08304 -4.13838
75.67731 -61.14007
64.16567 +60.92450
136.23686 +59.93295
195.58815 -50.33404
276.41000 +22.32729
46.55516 +41.84894
171.53563 -54.23586
172.29889 +57.13221
207.04640 -30.45209
280.70621 -63.20842
329.00272 -1.51694
175.56293 -13.86695
265.98422 +36.80011
18.60389 -55.39709
195.53111 -33.12067
9.89532 +2.88744
70.28594 +73.67174
346.74561 +22.93647
175.23224 -44.48125
256.22079 +41.86550
331.56738 +47.25122
79.28770 -64.95984
87.38114 +17.64916
49.96454 +41.57352
335.55743 +36.38701
354.05881 +2.15502
19.01504 +4.29410
216.83525 -87.77224
113.65141 +18.28156
106.64500 +63.84890
241.62630 -61.42116
346.45120 +3.54511
239.31444 +5.99837
346.30676 +2.54943
320.53134 +18.66569
9.93445 +3.29959
22.99187 +33.47652
72.05269 -13.66707
77.93839 +67.48822
115.97200 +56.98690
9.60543 +3.16645
42.74857 +37.46664
158.69778 -28.49632
190.17964 -40.76337
231.48399 -30.27200
269.29434 +27.96138
59.95488 -84.09386
111.60977 -35.90602
338.88208 +34.80351
17.65235 +33.12649
71.79752 +66.05440
147.41354 -5.16659
307.58960 -1.00793
348.62225 +31.54894
101.82470 +33.59921
52.34954 +39.79221
274.14288 +25.04402
326.04074 +46.24611
346.52023 +34.10769
349.65936 +42.95801
17.26897 -45.77354
241.96950 -60.52016
29.67497 +8.34678
133.29636 +76.48607
144.50613 -20.34378
326.49362 +41.27195
334.06232 -27.40281
338.51682 +68.44167
61.91156 +3.96818
33.08247 +37.47732
147.15021 +33.42149
186.65039 +3.96465
242.25531 -59.79916
261.11386 +29.39016
354.78506 +32.08561
34.75455 +34.46239
153.19807 -27.83945
331.02823 +35.93848
263.52682 +25.34390
356.29251 +7.04213
280.42429 +34.84386
25.80908 +8.88936
20.28085 -26.72600
25.54023 +12.60189
32.13482 +6.32373
35.63065 +47.85003
79.04754 -0.14981
54.90453 +41.08361
115.63683 +49.80966
21.18252 +33.42960
293.64481 -61.14577
229.18536 +7.02164
231.39200 +18.27722
348.42407 +24.90234
128.69931 -57.64605
52.26675 +40.82402
74.33805 +78.18884
336.03842 +36.19981
67.90101 +17.44232
237.91183 -60.77467
264.41284 -59.94073
354.30896 +49.55693
145.94470 +74.85962
175.31931 +47.69078
254.52477 -21.27285
279.08578 +51.46648
178.45305 -5.16783
182.04544 -15.80346
211.25670 +53.66221
259.67618 +41.69427
110.57735 +49.29241
158.32338 +64.74940
2.19883 +33.43332
23.96775 +33.68189
80.49490 +3.48216
125.08275 +66.98197
75.65278 +86.22236
353.71420 +44.30398
29.97703 +23.64440
30.86639 +38.11693
31.92805 +45.62295
94.80547 +80.06847
206.09959 -52.36943
0.33319 +13.11126
291.63330 +50.12527
21.07348 +9.33095
148.61256 -6.95334
144.58147 -70.09127
346.04269 +20.07950
9.84576 +2.79792
67.09067 -47.81589
157.19963 -50.69925
213.97476 -52.01127
273.15424 +25.53679
94.25367 +81.13774
348.21606 +20.24842
353.12109 +23.93107
196.74854 -57.22469
52.39631 +40.86888
95.31475 -64.45884
1.16622 -8.10040
97.33590 +74.49269
115.24260 +55.42720
30.28945 +50.50708
137.07295 +21.44342
357.90305 -28.36505
89.60575 +68.46104
120.78271 +23.39186
140.43991 +64.25794
306.14920 +12.44374
92.49091 +79.92600
190.27451 +50.39344
316.16455 -12.33835
30.27756 +31.88247
341.19067 +33.46061
355.81061 +49.97948
53.68118 -19.02893
172.00243 +29.51103
309.59943 +6.99655
335.66925 +36.19454
122.20571 +57.76961
24.98763 -28.69667
117.53457 +55.38412
337.12302 +16.78324
349.26184 +30.33509
30.41666 +31.82650
193.10832 -40.70740
117.18536 +66.19736
61.11308 -2.18917
174.77501 -9.34818
45.08561 +5.71238
49.26862 -22.86664
80.26663 +4.00635
89.50854 -38.33455
121.69982 +5.30943
216.67612 -49.67245
250.28773 +61.32631
42.24515 +3.16868
337.83585 +39.35825
93.13245 +6.69674
45.30520 +44.95541
47.76295 +40.62212
139.63390 +74.31905
32.42808 -10.18383
106.00574 +29.24346
60.47356 +5.63945
36.42665 +41.95628
157.84633 -42.06061
170.91014 -13.83110
209.47906 -54.01997
165.63091 -53.64275
167.84346 -48.01995
77.54400 -0.71916
107.62830 +61.78633
211.54385 +9.35342
284.21268 +36.62397
258.56256 +43.68470
342.76205 +37.08793
0.57981 +12.97164
46.08512 +48.27012
143.19742 -5.72471
184.61043 +29.81289
193.05191 -13.41473
301.14383 +12.73945
346.71051 +28.17912
88.14782 +66.81986
4.59393 +30.07958
59.59150 -44.46652
85.02780 -40.83651
145.15160 +3.57699
21.11168 +33.79954
