152.04196 +53.08348
251.80540 -0.27532
321.83948 -60.01460
39.71582 +27.84722
40.02631 +1.50879
72.62055 -3.52137
79.42760 -15.52339
110.71336 +22.58920
1.84908 +47.04074
139.63667 +73.75933
357.86145 +20.58624
182.32379 +29.92762
312.40192 +16.86558
224.08284 +49.40005
66.18732 -54.94201
86.63187 +69.05098
164.67871 -50.32483
193.71642 -10.24784
353.18121 +29.46074
47.32761 +80.13062
135.05981 +3.17771
48.21363 +4.70704
293.72928 -64.74067
341.26642 +33.99616
45.52787 +41.59358
67.28423 -53.82790
181.68581 +67.16320
233.73863 +23.50291
281.06418 +24.14250
119.51024 +56.35959
207.30804 +35.25743
267.62738 -1.80070
293.16406 +37.87427
333.28757 -64.84897
117.97809 +73.01569
190.09579 +3.11771
238.39699 -61.68288
30.96435 +25.92529
45.89666 -12.07631
1.83139 +32.60925
192.29820 +3.38871
2.17708 +37.44791
319.06042 -64.46468
28.16501 +36.17142
338.59894 +43.80894
2.94578 -5.58629
7.20913 +2.83886
42.06173 +4.57808
50.05449 -2.11413
351.98627 +8.77900
191.15744 -10.08312
194.84645 -27.42721
11.97512 +19.59684
120.47173 +50.73710
344.90683 +39.14587
124.77074 +70.72003
343.60632 +32.45170
46.47986 +4.85811
191.39453 +27.06076
95.61792 +66.57855
203.05820 +13.89234
208.50113 -7.93065
259.02197 +73.43590
304.18097 +7.39691
200.46172 -17.33648
258.76208 +43.66021
334.86545 +29.39581
355.97656 +26.07561
42.01818 +27.10310
72.09914 -59.80032
195.35211 +29.30844
139.64661 +52.51453
338.03357 -25.39779
350.09421 +27.31570
51.61489 +40.50790
74.32224 -75.42067
78.65040 -61.48150
300.75443 -55.94802
68.89095 +19.17171
317.09396 +17.82051
23.13885 +35.35857
47.16490 -3.38001
109.00822 +56.81801
244.31566 -11.73179
219.03859 +21.79350
156.61821 +20.22820
328.59610 +15.15683
311.89206 +0.41163
186.42838 +0.57264
39.42417 +1.97531
74.78917 +4.97514
136.91150 +66.57471
178.19347 +20.98932
248.32420 +35.34242
306.15176 +6.91118
2.49699 -57.02082
0.42471 +23.49588
3.62758 -7.16740
54.54153 +40.98308
116.72606 -38.30336
157.54439 -3.16363
201.12042 +14.09258
211.14308 -33.96075
235.18987 -62.21570
328.64014 +2.94303
44.28145 +17.51434
49.40204 -1.81876
41.73616 +48.19305
67.35031 +70.42446
30.93627 +16.03098
192.60051 -40.84406
177.77861 +55.07872
307.30258 -22.67170
39.52298 +41.78955
243.44157 -61.00819
259.10004 +6.55989
356.00848 +0.51672
42.34716 +17.66589
178.29007 -68.60887
21.16050 +33.47271
21.35279 +14.86465
45.97019 +9.61329
47.11653 +2.10857
54.81251 +14.46042
260.85492 +56.97454
181.19849 +10.59557
220.60191 -36.57241
288.77002 -50.65683
47.11024 +33.97210
54.79524 -22.38866
109.44357 +7.95353
342.75400 +31.37494
89.94888 +62.15801
192.64328 -9.46303
257.68155 +41.65107
311.95322 -9.99595
324.00015 -76.34574
52.50767 +41.83216
1.82000 +8.30163
140.45007 +40.15123
194.25221 -20.48093
258.31430 -25.04076
125.41808 +73.98836
180.69849 -53.83551
181.04813 +10.85440
194.05058 +27.74551
216.08644 +36.46140
49.26512 +41.63364
355.57214 +26.23175
34.46323 +32.39602
45.15324 +49.04397
234.94911 -34.91518
272.78040 +14.09309
31.15169 +47.93849
240.09988 +20.84914
296.14383 +52.86227
347.62418 +11.01228
252.82181 -25.90037
50.40194 +41.39280
62.43047 +37.00969
173.95497 +54.52357
298.18622 +48.68568
358.62387 +28.30892
65.94437 -51.59945
144.43390 +2.76093
271.95490 +17.60489
201.58214 +2.10076
210.73213 +9.42067
93.27197 +64.56132
125.20065 -8.91846
179.04353 +60.52499
120.54638 +56.94234
111.25694 +23.78322
238.98917 +5.93188
299.16565 +7.84440
300.70779 +49.31976
331.09341 +39.74374
95.14175 +27.97856
282.98395 +26.48823
151.50000 +58.81226
164.60498 +24.22638
261.86157 +58.51659
13.05061 +29.67696
41.93597 +9.35680
42.21583 +20.86261
244.15402 -61.04600
255.47153 -23.41138
281.51831 +32.27961
328.04861 +3.30120
30.03742 +12.65609
60.92862 +19.89495
152.53589 -38.13350
164.75748 -43.44046
33.90956 +35.52355
45.49931 +42.58493
47.72380 -2.55317
299.05533 -56.91088
300.58878 -20.22544
27.35725 +35.45290
55.43613 -18.26699
134.77391 +53.77169
212.02847 -9.07176
27.37444 +12.50905
106.50124 +50.51030
266.02228 +25.35071
350.36115 +8.21764
66.08755 -47.52652
68.09096 +33.21898
244.82143 -61.02052
287.45255 +41.57612
335.11310 -15.77354
336.32959 +42.71726
331.02771 +41.81934
38.34477 +9.60170
117.69278 +54.36222
238.29442 -74.82527
92.65135 +71.38614
198.59880 -46.11149
337.21286 -60.88206
152.25507 -40.31744
284.10010 +52.37762
311.04068 -10.72351
325.66104 +43.51580
335.62280 +37.10823
348.76443 +18.97340
80.44065 +6.68887
184.95496 +6.01498
43.68620 +41.52855
50.21587 +38.25396
73.96306 -29.88345
119.75410 +59.11691
146.70882 +22.01398
65.41695 +36.73172
229.85304 +20.89629
269.35495 +50.72807
276.09729 -34.18184
38.09975 +35.49465
54.66902 +9.97000
28.92594 +46.80191
173.09001 +0.80404
275.46408 +6.35891
39.63350 +41.52925
353.06696 +44.96968
30.43423 +8.49994
46.59151 +36.01456
113.73972 +85.53719
118.54443 +55.49531
288.17612 -53.87374
127.29559 +63.33786
300.24341 -47.07024
170.61134 -7.65282
268.71594 +34.77618
333.12552 +45.32848
296.98883 +59.89256
320.07285 -1.68432
23.86768 +33.65673
247.28716 -66.50219
0.25176 +6.24206
18.51892 +33.70419
30.22883 +38.21072
43.51139 +2.96210
58.07055 +36.23688
262.35529 -62.48060
44.60244 +6.59188
80.07756 -25.32449
172.97797 -9.72520
101.26472 +40.41429
131.98975 +72.89574
292.45273 +35.68195
33.82028 +18.31798
192.86151 -26.80802
60.64109 +71.70590
4.59825 +30.06325
92.21664 -65.73058
151.81451 -39.94666
215.30463 +3.43579
180.62299 -0.21241
277.23904 +22.90301
107.34612 +48.63552
213.71799 +25.31762
264.43280 -63.72966
353.69531 +16.07578
21.38111 +32.13626
41.60547 +3.60718
191.79762 +19.46440
204.99036 +0.83093
343.81122 +36.67177
25.60724 +35.63832
26.08590 +17.47758
108.59033 +5.08144
80.16989 +8.80868
153.50841 -35.13560
285.36929 -66.11019
308.07840 -19.73299
150.77866 -26.15957
273.11212 +25.42720
348.64380 +28.32704
75.82171 -63.75101
85.18212 +49.69486
270.02298 +26.36652
331.42038 +16.78524
339.11676 +21.62180
49.02620 +40.80456
55.46191 +8.15982
60.66372 +21.56091
150.54556 +72.12528
20.48458 +33.52097
332.95248 +38.69917
49.10891 +41.53042
273.23083 +68.36332
355.33121 +4.01747
312.49576 +9.89909
1.58159 +20.20294
66.45174 -67.81483
181.77185 -27.69632
247.59180 -61.54122
48.76583 +37.86007
104.35289 -24.72694
187.73805 +11.48355
335.43854 +36.35000
14.71300 +12.97282
214.00850 -53.71657
16.23409 -27.42935
50.86396 +8.91238
100.37720 +32.83233
104.83883 -25.89977
152.46429 +30.32078
49.43969 -10.28909
63.06490 +34.91637
357.29974 +30.98315
10.85730 -50.18283
16.86346 +32.31982
29.24079 -5.40286
61.66497 +37.11575
333.51257 -26.93773
35.67043 +28.25698
139.60875 -39.28682
158.30620 -7.46458
189.20305 -42.14087
200.41072 -16.27904
239.13760 -61.51276
195.37782 -30.86829
273.49838 +13.27589
303.87054 -57.91270
31.04405 +47.97571
44.75497 +42.34595
88.11521 -11.34865
193.93375 -26.80941
221.47664 +68.92979
212.73898 +6.36485
328.72516 +74.48743
80.34120 +4.88781
103.86526 +33.28040
185.25960 +3.72196
241.12170 +69.66576
254.62616 -28.48571
324.96429 -22.47369
45.90275 +46.94380
251.64999 +62.82268
356.84579 -2.30067
65.23261 +2.63348
77.08209 +17.36324
90.69827 -63.76369
102.72318 +33.47876
110.87727 +2.61581
113.34881 +31.48355
45.15587 +35.16908
108.31015 +73.84314
69.04494 +59.32090
230.07591 +3.51836
280.20032 +23.68404
281.98740 +22.94254
45.48304 +51.14861
45.51598 +36.09843
162.45879 +32.98287
208.09598 +39.68725
30.40030 -68.43919
112.22575 +49.13702
134.28035 +84.80853
272.23334 +69.06789
91.58627 +83.83860
276.19281 +41.49268
84.76421 +15.57545
95.34866 -64.95666
331.12817 +41.41115
110.09021 -28.98646
136.13884 -38.48952
157.27596 -44.15966
175.12976 +60.29892
206.84247 +30.33357
243.14809 +29.48480
303.32489 +66.29054
322.15887 -70.83458
184.37556 +45.61928
187.16898 +9.25893
221.46556 -11.91416
69.72415 -64.20808
297.72507 +48.05964
348.08722 +31.12562
1.36524 +5.22233
