30.38701 +45.00357
66.16699 +7.21904
107.08894 +35.17004
196.25404 +35.17812
213.41124 +7.66037
114.26192 +13.60107
312.46469 +6.22013
4.57705 +30.07176
103.79783 +24.22922
14.23987 -52.92391
35.79752 +41.36801
39.73183 +34.62228
62.28685 +17.11169
223.97446 -52.01249
340.96674 +38.37687
73.29381 +34.38468
81.98914 +63.85948
125.14655 +68.60031
179.67761 +25.03672
224.10555 -37.60094
294.45236 +1.00387
331.78967 -49.99548
107.12315 -49.21406
47.49354 +19.20813
67.84380 +60.91673
85.48146 +18.49235
87.52164 +13.62656
213.09494 +50.34843
121.60050 +1.03606
198.71642 +17.22675
200.59129 -52.39644
268.62695 +18.37586
53.42447 -21.47865
281.71533 -63.31453
67.63786 +38.92991
80.08947 -61.29588
198.77644 -55.15630
352.19440 +3.51140
20.73316 +33.47141
92.28375 +42.08520
184.22067 -48.97385
308.34039 -2.03718
331.15054 +42.32728
353.65176 -4.53426
40.35761 +17.81222
90.93436 -69.58829
174.47412 +21.98111
16.85425 +32.29278
166.11382 +38.20885
49.24477 +31.56726
33.05607 +39.23551
36.38471 +50.81950
193.68761 -39.85228
342.34439 -37.47178
201.22044 -4.08199
10.29167 +16.46939
31.33198 -6.45088
43.18506 +46.93814
227.92096 +75.38483
278.54660 +32.06459
20.72629 +39.25724
121.02847 +53.54923
238.85831 +78.99678
356.86905 -28.10929
43.27908 +25.49040
108.76965 +50.53600
256.97604 -23.77150
265.72025 +66.47605
269.89282 +24.88696
317.17923 +12.48427
17.94276 -61.52763
51.20238 -3.01559
162.82506 +44.57180
338.31863 -27.24660
339.12366 -12.56702
342.88153 +23.08055
241.11102 -60.56514
46.78944 -9.59266
234.91267 +21.78276
49.67958 +42.30058
111.53600 +1.98371
348.79630 +25.28196
30.12224 -34.25564
271.45624 +18.53802
313.07166 -16.28564
16.77409 +32.79511
42.60055 +46.69817
286.26410 +55.71516
70.64728 +35.93340
279.83121 +38.93977
278.52008 +38.59845
27.67872 +33.08204
60.98169 +30.84005
69.32253 -62.58340
124.36206 -24.68109
181.14130 +64.43674
264.20340 +72.08896
214.95085 +56.72905
218.46782 +5.45833
187.91338 +3.93946
282.90729 +23.63475
354.27884 -20.46307
26.18731 -4.13535
25.49558 -31.00940
267.82492 +59.47086
39.24525 +25.44291
42.72375 -54.97591
202.40211 +58.41873
266.23596 +55.70470
210.42441 -11.60697
104.50677 +12.66718
188.96767 -5.27933
18.39232 -37.90163
113.38216 +30.56296
197.22714 +62.30634
187.63321 +12.49019
23.75978 +41.24814
60.65174 -9.32244
93.44966 +81.07437
126.58195 -13.30314
260.58487 +6.63829
46.61870 -9.73107
51.68956 +7.71457
106.24689 -49.08321
160.49911 -28.77670
146.93117 -32.83743
149.87158 -19.49227
77.69837 +18.01966
233.64651 +15.19837
45.88016 +27.68669
224.62656 -47.69895
9.27286 +25.69898
18.59287 +5.92690
151.73293 -45.04656
228.68924 -40.35455
299.61151 -55.58469
208.08784 -27.89433
42.93031 +42.82828
51.96362 +36.38972
187.91484 +16.85278
189.90382 -40.74002
205.27388 +67.67218
198.66702 -42.67623
108.15264 +12.54558
202.00055 -27.35427
278.83682 +52.72839
110.19823 -34.11834
237.77083 +67.15869
350.70999 +11.98882
12.76885 -7.06564
281.37186 -39.18145
43.77011 +42.26232
125.62172 -11.41778
217.86334 +3.00909
341.58087 +3.21004
33.51505 +27.87717
35.74366 +43.01194
68.29621 +5.35433
73.99567 -75.54118
219.12819 -52.67796
50.61893 -2.75713
87.82732 -38.32046
203.88286 +13.67621
301.90527 -21.12519
303.48444 -44.35117
102.73717 +33.43758
156.24716 +28.02389
40.30355 +8.71941
211.48602 -53.71959
22.44608 +45.59903
97.77479 +84.92554
98.15666 +71.56096
111.25654 -32.49903
338.63385 -12.93377
359.64200 +10.72826
91.00064 +51.09337
330.88733 +38.55662
40.79717 +40.42675
123.23788 +73.56326
136.44962 +25.43740
147.47810 +9.16366
192.93234 -38.82920
11.25803 +6.11336
93.06858 +64.26879
101.35793 +34.48619
102.94778 +48.49641
211.14214 -52.69729
254.45839 -76.99297
308.84909 -6.24463
41.75907 +8.65221
51.46809 +40.74878
63.48359 +29.15754
142.31834 -20.37929
197.19386 +62.27166
203.73293 +13.83250
68.06846 -49.67582
190.19475 -40.89305
72.92298 -3.80935
112.69337 +73.63020
124.90406 +4.65723
234.87668 -38.53897
260.06528 +39.26046
36.26913 +22.21721
198.93562 -53.19681
302.62360 -54.78325
28.41192 +19.84050
48.26313 +42.45713
245.90071 -61.70795
247.40950 +8.45068
252.01630 +62.20045
345.45139 +15.58247
349.83572 +43.97374
24.80350 -75.01099
63.37514 -61.84554
91.37319 -19.03355
73.20501 +1.25914
102.59547 +53.45333
241.05591 +13.74400
55.18801 +17.74117
73.58027 +1.64036
119.91183 +24.98228
143.69809 +10.28373
195.58279 +75.40417
325.61099 +12.56925
9.85962 +6.73418
43.08267 +44.06554
147.26260 -2.82174
210.76727 +28.03339
264.69727 +18.87788
273.67331 +43.26863
288.19922 -46.01157
56.91235 +13.25593
286.12906 -53.98680
20.86622 +33.20428
154.59816 -13.10439
208.26414 +69.30814
65.33324 +36.76009
79.22945 +6.55266
103.74506 +80.96565
19.30526 -58.90995
176.23039 -51.90572
192.72237 -9.86230
241.67531 +16.31969
84.70455 +41.12883
235.72160 +14.23141
287.21851 +19.41149
153.88902 -45.13282
279.36255 +18.84599
10.89361 -8.18651
105.40315 +14.13524
117.96089 +2.81558
48.75591 +42.03574
153.52971 +38.65262
174.53775 -9.60713
350.62891 +11.89262
165.23930 +10.50558
237.47684 -21.04935
347.59323 +7.58064
14.45817 +31.48476
106.60231 +20.79761
145.31920 +35.88216
208.72209 +41.31352
242.79584 +61.26796
284.90192 +19.42741
67.16526 +70.34723
108.51608 +35.27928
204.57188 +48.27560
292.79303 +54.09241
186.49567 +3.42732
353.75436 +4.89775
10.72003 -23.54102
182.10983 +76.80403
205.97917 -19.75970
264.73138 +12.98429
316.85687 -25.42866
94.58634 -66.01752
266.34024 +87.64227
287.97778 -56.27613
95.06548 -57.57840
4.91526 -51.26662
23.38013 +35.66823
73.21907 +3.05718
103.21669 +74.48071
181.15755 +2.07260
244.75616 -63.26461
310.30780 -38.19342
351.48203 +14.20982
352.72690 +3.54653
13.36096 +29.27035
13.47531 -31.09552
198.04916 +44.03802
16.85438 -69.87917
24.32309 +5.87741
32.84936 +15.95489
244.51729 -60.69496
280.18234 +36.16375
335.22134 +33.29534
231.19179 +68.73063
264.02509 -61.89847
332.40616 +39.28278
19.72020 -16.80343
54.07562 +45.63749
233.59235 -8.90575
277.89557 +33.93735
333.69312 +42.18118
68.62046 +73.20483
83.49693 -71.75693
84.66717 +15.14702
57.28226 -48.85820
110.85641 +2.91079
184.10954 +47.02536
190.62982 +3.96032
7.74682 +5.15976
125.82955 -26.19706
345.42877 +2.26361
98.54141 +52.12766
39.41651 +34.43159
73.12501 +74.49601
148.27126 +19.43222
318.17542 +13.98133
44.17945 +7.33369
130.69978 +72.97648
310.42545 +55.69814
348.30304 +6.32166
32.95997 +70.44399
112.69410 +9.64689
135.95761 +85.50169
332.76828 +41.28261
46.63635 +41.48537
73.12924 -62.98576
146.57172 +5.70884
223.04326 -10.74039
71.52469 -44.73336
102.49865 +25.63438
54.55871 +10.08436
139.75931 +26.27000
51.49659 +40.78902
107.64231 +50.11891
317.81912 +37.88479
54.27468 -5.04274
116.72105 +39.03195
245.29640 -60.98516
318.55246 +2.17799
1.31967 -16.47691
38.82733 +40.92650
46.75243 +36.16766
52.29912 +41.38800
273.51468 +22.28379
67.33350 +69.53117
4.89635 +47.24103
100.87820 -72.59460
334.15610 +86.92971
35.38501 +32.54451
55.59560 -35.15353
262.08093 +14.16892
311.78680 -38.08854
3.23482 +22.10027
10.26522 +31.73270
15.71819 -4.76188
356.65768 +3.79981
243.50400 -60.99099
87.92632 -69.93013
205.09062 -71.12916
36.31777 +42.08988
76.17443 +23.47679
193.79025 -8.85856
194.25902 -20.50484
21.12375 +56.18221
14.66497 +50.04510
30.98582 -23.31162
107.89024 +50.24835
320.62216 +15.28205
29.72835 +36.67496
114.39680 +35.60575
241.55843 -61.19137
92.12663 +64.72369
228.02133 +67.36267
301.32324 -56.25618
67.74200 +5.54238
127.12051 +85.60811
159.22495 -27.91704
172.20990 +20.79510
55.89199 +41.07353
258.15240 +38.02039
274.16940 +22.11281
312.11511 +7.73997
356.38437 +27.36093
285.95477 +33.84470
320.06525 -4.87651
54.28732 -35.19503
104.59617 +35.84059
358.48642 +28.49267
61.83284 -62.89931
70.90382 -44.97523
143.43073 -11.32200
204.96796 +0.83959
257.77438 +5.85224
39.01847 +42.42095
301.06100 -38.16712
340.30106 +34.24903
