249.39301 +50.34552
334.33224 +35.57116
0.09211 -80.79286
252.48285 +53.95386
22.07819 +34.30863
192.35963 -41.48930
204.41272 -42.84697
241.20990 -59.98214
37.19111 +45.97064
188.90250 +3.03452
265.44925 +23.67221
278.25610 +34.06047
29.61737 -56.25611
239.28238 +63.91748
41.29036 +32.98975
83.39522 +6.27331
319.63815 +22.74584
336.77408 +36.36160
44.29491 +2.77507
168.82054 -13.73297
348.10776 +34.88151
98.38961 +21.03710
191.99321 -22.26845
243.02272 +14.20880
349.49637 +9.68019
210.19351 -45.41856
58.57945 +17.58501
146.42282 +4.94190
4.90748 +29.93387
18.20209 -58.28227
189.96629 +15.29780
193.11424 -15.51861
252.07724 +6.31222
134.63684 +28.26726
140.81079 +40.16387
209.64018 +37.45350
69.44861 -51.42318
17.75354 -55.87067
37.32285 +45.91134
44.96082 +2.77136
159.25038 +18.13582
96.42479 +30.65635
219.82713 -52.22596
70.65044 +69.21650
175.07933 +17.76575
204.06407 +38.34299
318.73349 +2.83484
17.19870 -15.84516
45.98601 -39.44042
74.44724 -73.23083
300.73297 +53.88507
45.24774 +43.01758
199.90857 -12.69897
343.81918 +2.24632
0.36155 +31.43374
44.11983 +15.91610
69.28159 +12.35265
261.77896 -60.87912
330.77780 +11.19931
335.94803 +32.40303
2.75444 +30.05207
72.92342 +5.50560
173.81789 -49.01128
193.09396 -41.28193
339.43423 +34.41004
111.25003 +49.49237
167.73817 +19.18263
295.19092 +50.89075
346.45413 +31.08724
202.33984 +11.73512
204.98183 +28.40059
272.54141 -0.17212
239.37408 +15.87263
246.06229 -61.09487
1.30788 +6.77199
80.21758 +8.86463
80.72338 +72.96289
178.15305 +23.58250
259.03641 -19.77570
292.74252 +46.71225
241.97208 -59.22695
347.50180 +42.56652
8.63578 -43.65612
49.79925 +39.44334
116.72958 +39.01518
179.49710 +23.20200
333.93747 +2.06595
49.92970 +9.75221
75.82654 +18.45254
221.08662 +12.13202
221.86111 -30.64530
279.38309 +36.85545
41.24094 +32.70628
207.85783 +59.86336
225.47397 +25.96462
246.16620 -61.21960
32.41396 -6.92220
104.04378 +84.07890
210.55717 -53.54084
252.33755 -17.64460
258.20193 +42.81488
236.63704 +72.16922
248.99490 -5.11777
299.39032 -55.57791
346.83417 +36.36253
350.30444 +7.36643
293.10443 +41.90424
324.89423 +8.87686
25.08997 -28.91275
30.07940 +24.47369
34.34610 +38.41382
35.36960 +39.37566
192.40770 -41.38826
223.82256 -51.57084
259.88855 +11.20737
299.87457 +1.09702
36.54659 +26.05543
211.18010 -9.71363
252.25653 -6.79101
306.67517 +2.69535
35.24623 +32.83985
67.79259 +7.63090
119.21214 +73.78667
125.78413 -77.85201
251.39339 -27.18996
63.21854 +2.36964
76.22071 +59.98726
272.18997 +11.82929
26.37180 +10.55280
157.19632 -35.65809
34.05328 +32.64951
159.90210 +47.39797
280.52130 +20.14144
355.69336 +27.05295
123.00677 +19.36462
195.79144 -39.24877
208.21951 -1.89534
63.89781 +1.18090
36.66030 +50.04505
348.64377 +4.49835
4.85977 +6.44934
82.60992 +5.18381
96.60994 +77.39078
139.59688 +69.81123
29.19846 -3.73713
117.85911 +14.02046
261.51559 -80.19512
107.29971 +20.60287
19.02509 +30.34909
47.55385 +40.76566
75.00070 +53.82996
193.97600 +63.61185
260.67044 -18.56109
288.65558 -54.22789
113.77853 -46.92596
316.67053 -42.55706
43.45319 +39.57806
218.43173 -14.61969
120.93006 +9.95986
175.53787 +20.31571
350.61932 +29.18096
38.23489 +21.89349
67.87836 -29.75040
68.23708 +59.77350
103.08556 +15.24912
105.17961 -21.24679
198.92395 +2.87906
11.73334 +32.67533
20.73142 +9.04919
21.30014 -38.09452
49.50167 +11.77553
67.10989 +39.62584
185.79564 -13.20463
264.02414 +68.15584
295.84415 +2.41608
28.19132 +36.61932
68.47505 +16.91207
159.78580 -46.50549
160.02518 -46.11568
224.74326 +49.82141
241.64130 +72.49435
273.02310 +29.15589
29.63612 -26.29371
62.29970 +8.64881
112.56735 +24.48788
151.69250 -47.69635
289.23672 -53.70068
343.44189 +1.37199
25.00117 -28.03416
98.25957 +75.86751
119.00279 +58.43024
124.35744 +21.68554
124.40091 +59.95378
288.06598 -63.97664
303.91617 -13.62194
322.95175 +3.58800
111.81050 +52.94855
130.21021 +73.48668
208.63948 -53.31118
209.85318 -3.20923
184.53862 -56.74083
191.98135 -1.65603
266.69714 +59.24569
349.56406 +29.23061
36.09478 -58.39665
73.84888 -20.57109
202.36234 +16.82585
115.12342 +13.87174
21.35854 -1.55063
45.63714 -57.86042
86.06003 +75.62059
210.10683 -23.30479
243.38390 -61.00627
10.96155 +32.85339
14.41282 +43.80076
82.09649 +76.66374
257.93771 -25.74736
4.06159 +10.33234
192.94150 +25.77730
357.57971 +10.75740
27.80983 +22.58224
131.84473 +49.55869
188.88519 +73.67487
227.45494 +0.52974
13.17560 +30.63907
48.98001 +37.15403
80.17548 +72.53576
287.56070 -50.05473
295.99603 -28.48682
295.91440 +50.54228
30.14679 +28.22527
56.51394 +12.70312
286.40448 +63.93404
13.70263 +28.86678
26.31782 +10.64943
29.15841 +34.17684
243.48952 -60.94006
77.45905 +7.48344
206.93738 +38.30455
15.11719 +47.99520
37.78865 -57.91835
37.13802 -19.04211
68.67304 +40.23938
102.79709 +33.52711
260.77246 +12.69544
255.87744 +36.41866
268.62253 +32.88727
107.90820 +29.17088
64.30908 +4.78164
145.17340 +11.88842
192.42284 -11.09303
243.38725 -60.82323
280.40341 -63.00016
282.01831 +19.03246
289.55981 +36.39497
303.07675 +1.95758
345.05963 +39.23607
10.51933 +36.80504
332.88052 +38.72136
44.84504 +47.07851
158.98553 +72.61632
277.34357 +39.71335
64.02032 +8.18013
339.11652 -24.34176
162.54028 -17.24243
224.25284 +24.61742
290.11893 +30.82551
295.85394 +41.94114
329.27487 -69.68994
343.35303 +37.17527
350.98929 +16.77722
12.92657 +7.71860
34.29470 +14.54782
34.06295 +28.59972
70.12466 +66.63518
30.24910 +15.18913
162.05811 -53.30164
279.80106 +55.64180
288.59174 -54.56561
267.62045 +14.39446
28.34568 +36.95514
48.49276 -21.98637
191.29933 +23.03609
125.78303 -5.00239
150.65341 +89.03102
160.57869 -17.64855
160.96135 +69.74744
65.18106 +2.32596
177.34802 -1.08389
207.24776 -7.19494
19.99838 +14.78625
64.25096 +0.83520
188.43741 +52.25476
357.41626 +29.93207
342.26672 +40.00117
21.91940 +37.18293
159.23793 -7.02388
245.24234 +65.39055
26.02964 -61.12342
26.59444 +36.46031
49.38382 -54.35797
125.00723 +62.83059
188.11046 -68.33659
309.48267 -61.91065
356.55075 +33.37036
31.55184 +29.96636
96.23753 +82.31851
266.30945 +18.13893
339.55478 +35.49886
41.40126 +42.15757
152.97215 +16.44019
233.33629 -8.70052
285.15045 +59.16676
332.04401 +41.17735
12.19641 +31.95696
107.77935 +25.91550
251.31850 +67.93781
2.00678 +33.07071
62.12212 +69.67254
103.87858 +69.56305
12.41195 +22.93234
44.55804 +11.13330
115.94825 +52.35742
280.88593 -62.10796
134.72670 +66.46832
144.72337 -4.86016
184.09384 +13.30704
207.77248 +25.09369
93.49000 +80.47633
325.88965 +43.55021
39.40599 +42.63589
309.69095 -52.14325
110.93111 +33.44203
173.57022 -9.57601
305.81497 +0.66472
73.36158 +7.13762
78.62335 -62.17067
130.86531 -56.20794
300.27103 +51.01882
165.80396 +11.07676
218.29002 -15.40520
245.36639 +36.37656
317.16302 -43.48613
56.97086 -8.48916
104.39352 +46.40299
224.09703 -5.88623
273.57703 +15.50456
331.78387 +44.29861
44.25575 -15.04831
66.13126 +10.88877
344.63281 +10.73180
312.06168 -19.84920
142.25677 -37.84211
20.11953 +32.70903
39.19190 +2.05042
48.59940 +2.67791
113.41747 +31.33441
256.21481 +4.47460
291.18002 +0.41918
28.11580 +17.51259
30.08100 +31.31302
200.44284 -56.82305
253.72353 -16.95197
9.30194 +1.94224
36.34499 +42.03550
40.66679 +39.53431
46.71661 +42.52307
234.16295 -62.69608
343.64548 +20.23623
27.13785 +12.61383
56.38714 +44.85484
263.63727 +49.98796
352.26627 +3.53334
8.60253 +12.26847
65.05784 -63.96516
191.83263 -9.49789
200.57478 -16.90664
276.54144 +23.31614
278.70938 +70.52393
70.01973 +74.18562
107.67541 +34.42113
155.04688 -64.01685
253.20181 -58.94614
257.36795 -22.44737
349.18546 +8.90562
30.24208 +46.14169
120.76024 -18.70207
170.98155 +52.92097
295.86102 +41.65936
341.63354 +21.08370
29.75313 +86.67366
36.65547 +12.15534
330.12766 -24.63262
59.55823 -52.32816
276.08212 +71.60191
33.51784 +16.45590
69.90367 -53.01263
105.96326 +22.36953
202.16312 +11.38701
214.69939 +24.94041
