245.20607 -60.40487
294.29089 +9.58531
335.28772 +36.59089
28.83842 +46.55765
50.97349 +38.67706
337.46860 +36.71929
346.41824 +27.66548
355.86972 +13.20965
27.67327 -3.93829
61.72088 +22.86333
87.46994 -43.39909
94.73586 +33.69890
282.25366 +47.65810
287.72464 +73.41016
329.10812 +30.78762
29.80682 +18.95468
48.57362 +46.03117
55.36785 +15.25904
281.00119 -61.99017
331.75827 +10.23355
13.76317 -19.00596
198.93797 -16.32673
247.68594 +81.54402
257.18527 +3.89408
286.73788 +50.34788
112.03367 +52.47157
345.46658 +15.98185
20.15918 +29.69883
41.57289 +13.09568
191.42101 -10.71706
262.67493 +6.28227
276.36649 +68.00581
279.96390 +32.80632
104.18108 +48.90152
218.18123 +9.89045
355.73599 +27.47074
2.06114 +7.78024
27.68407 +35.28453
30.63692 -79.67039
214.82339 +35.13795
221.33188 +38.73126
319.64746 +19.71866
327.99335 +3.07175
351.08368 +14.64707
112.98614 +18.33308
81.31981 +0.42043
255.33920 -28.56734
258.54059 -23.53158
74.99084 -26.02221
170.28670 +3.19456
187.94673 +64.23383
69.93774 +3.03296
96.25323 +64.56527
106.11981 +18.58949
157.10446 -50.69200
200.71114 -17.03253
259.02127 +6.84050
299.95087 +49.97645
342.38699 +33.36045
199.05138 +30.95029
288.55969 -46.25634
311.37344 -38.17527
68.05506 +61.79655
140.19131 +22.07620
39.01065 +42.61410
79.29089 +6.92741
82.93496 +67.61246
157.75581 -49.04697
168.03363 +35.45207
190.76521 -42.91346
205.41504 +55.67072
27.69959 +35.93275
48.75569 +37.88184
172.47639 -55.46950
252.08994 +6.22278
337.63818 +37.89093
84.07086 +7.32628
192.82788 -30.31747
308.06677 -2.24917
181.48383 +77.50507
194.16884 -46.92612
45.47432 +35.73317
164.32344 -50.25756
193.75522 -40.97074
255.48686 -23.29816
322.74008 +13.98609
330.84537 -28.76962
177.64061 -2.90901
352.02597 +23.53144
176.45602 +19.76741
269.26959 +12.23982
333.09552 +39.27955
112.57664 +79.87253
77.69640 +18.03027
79.92385 +84.05257
107.75520 +48.51281
113.09248 -77.91922
145.38417 +11.41329
255.23514 +58.97050
258.60339 -23.22983
259.12747 +6.43201
9.39308 -22.54924
86.23599 +69.15929
40.76204 +32.49123
281.93353 -63.15700
352.27936 +29.77508
74.78501 -58.65490
136.81770 +37.21541
274.66318 +50.27765
289.59021 +34.83705
42.71056 +22.77198
272.81409 +36.00777
339.60468 +35.36580
18.26067 +38.76836
38.91413 +6.27253
72.02534 +27.05987
93.30432 +39.04824
158.59644 +73.76497
318.06622 +13.01652
256.27328 +43.04319
345.28448 +5.65436
353.50647 +24.94459
77.19153 +62.44299
183.46777 -47.27374
197.47658 -43.10572
348.82199 +19.04166
49.46814 +43.30413
267.05115 +17.62530
325.05435 +14.63297
356.47946 +12.06175
11.63331 +36.32561
15.81829 +22.34265
32.81039 +14.12068
174.31476 +16.87720
250.84680 +61.98395
256.08887 -27.19118
257.58667 +48.33176
344.55655 -69.05211
42.18833 -32.34700
117.70798 +74.35768
230.77209 +8.60920
29.18282 +36.38453
52.66996 -50.30962
142.57062 +29.53998
242.48734 -60.32375
274.01108 +6.74680
319.90958 +21.97199
109.43841 +24.51391
357.78183 +8.72848
254.75603 +47.23717
343.33701 +32.13066
5.26187 +22.56648
28.58252 +36.62981
43.83408 +8.82817
282.33301 -43.99728
38.06495 +43.45501
285.21045 +28.77123
8.59221 +10.20501
33.82504 +18.00632
58.40350 +19.10483
105.52892 -28.45739
118.19139 +6.49667
146.51523 +1.66834
19.02057 -61.62217
28.69564 +20.69821
41.93158 +13.25533
271.25394 +56.26302
273.41040 +21.09009
328.16318 -68.75990
39.94360 +1.55828
78.33166 +9.75492
289.38351 -1.76225
36.22189 +43.32510
37.84079 +43.46570
96.22956 +49.50890
183.09715 -52.46143
189.48183 +34.02208
81.94646 +19.94976
149.02397 +75.01434
211.33578 -84.27271
273.09079 +39.63301
350.02368 +24.22114
203.69673 -45.54744
260.77945 -18.82854
4.72150 +10.59470
123.60551 +4.34244
134.68979 +39.51002
180.80508 +1.95086
31.30830 +9.92526
31.36099 +31.17533
36.52156 +42.14408
69.10612 +14.33490
183.66048 +5.80572
39.06730 +25.42382
352.91275 +25.94533
358.50485 +47.48952
30.55990 +9.98087
35.62971 +43.06523
56.40265 -9.23485
56.74282 +38.63434
58.73642 -65.94522
105.89394 +18.95652
169.87695 +28.65204
198.35796 -57.27607
251.91962 -60.14900
260.66663 +41.10165
330.89648 +15.10679
28.10340 +35.85643
89.85252 +54.41910
26.03724 +31.32102
35.37925 +14.19886
93.51013 +64.70929
127.16641 +73.74800
269.56717 +15.25392
336.05981 +36.08754
32.91312 +14.29821
61.04572 +22.12815
193.18372 +15.84840
258.50656 -24.81539
13.70961 +29.24649
29.46622 -61.21434
107.83157 +26.37150
72.11196 +73.46912
106.80410 +44.81679
124.40323 +35.44597
129.69241 -14.68090
32.24464 -7.05890
174.22537 +54.82321
318.35287 +2.76979
340.57666 -30.05533
39.80272 +41.67172
339.01483 +33.97575
29.45662 +33.37714
51.93812 +69.74924
162.12424 +72.42502
214.27174 +36.57521
245.03641 -61.04633
245.21759 -61.08791
249.88304 +66.03954
292.72037 +35.78525
316.92230 +3.87171
30.56387 +15.71218
49.73909 +6.53800
59.84946 +6.67934
110.70265 +26.52773
47.40093 -25.25359
141.80788 -19.53251
211.34201 -41.81821
247.39162 +55.51775
259.83905 +49.04044
346.02475 +1.90759
78.62866 -62.22861
202.02997 -20.96615
293.54684 +49.96086
298.34772 +8.34783
159.99574 -46.19066
191.22141 +18.75513
261.97992 +56.86877
306.65842 +2.64081
55.07990 -18.93149
251.34563 -59.92370
269.93225 +28.86667
317.40909 +15.15063
139.60829 +16.30547
158.83542 -27.36210
203.11391 -38.16832
250.52699 +65.58549
294.98679 +50.92453
17.24668 +32.63432
31.97115 +2.16760
219.09204 +58.79425
300.23682 -47.08440
337.49918 -5.11989
2.26031 +21.62449
95.04860 +66.58498
246.05191 -60.31161
268.82382 +26.37116
0.19569 +28.40202
26.71164 +11.40154
40.89425 +47.82336
151.09364 +13.62135
276.61935 -31.54963
36.94103 +28.20921
303.51257 -52.72177
123.42966 +64.33648
359.09943 -31.35321
60.33551 +42.83411
109.41893 -28.06079
162.43047 +16.23886
204.04439 -56.53991
227.86694 +13.48360
36.02320 +27.34253
151.28979 +70.55714
162.82393 +13.94601
321.88495 -60.82359
337.14276 +33.99922
339.19373 -12.54523
32.23864 +47.21989
333.45490 +37.02671
336.65167 +25.10851
68.47031 +16.36268
78.52052 +50.00975
104.74411 +25.02580
163.58693 +27.23969
79.73467 +19.17282
128.60136 -31.82224
195.58492 -15.76650
256.26135 +68.82752
277.03445 +34.30266
350.48862 +5.03581
221.81197 +13.45638
316.04657 -43.59249
333.84399 +37.28067
342.24210 +7.21901
41.30274 +32.28405
80.82645 -42.71118
85.51878 -26.12219
107.30621 +46.09813
190.07541 -40.76206
198.29192 +9.69064
254.06686 +55.02646
238.28278 +64.91805
245.24327 -60.49102
210.95012 +9.61057
245.13940 +73.86571
91.22404 +80.14382
114.42699 +59.31418
114.68400 +2.21764
59.42678 -48.90847
189.10155 -19.39507
196.55373 -57.55621
52.78498 +39.62901
119.36295 -19.24296
214.61652 +12.88303
225.12497 -13.91883
261.20508 +45.45593
348.39713 -1.73138
8.67041 -7.90286
10.69962 +29.92237
35.84158 +32.19694
43.05323 +13.99187
61.27847 +18.97812
108.21242 +49.00574
213.47379 +57.77127
262.35483 +24.88220
325.91052 -25.35160
342.02707 +28.29269
138.15623 -58.84221
61.25964 +25.26543
155.98540 -3.18204
206.97054 -32.46260
316.41309 +7.72637
44.08975 -32.18559
118.93279 +84.92644
206.54749 +70.33955
322.60562 -43.08712
76.08004 -63.58215
112.39185 +57.11707
117.82764 +56.90990
6.81755 -1.78018
20.72482 -4.64307
44.39028 +5.97697
48.12000 +42.70210
232.05615 -67.87225
251.35336 +67.95338
314.13824 -3.82929
37.47677 +23.09698
38.41186 +33.01553
249.82655 -59.88630
254.18008 +27.82215
310.72720 +54.89057
20.15004 -17.34041
24.64495 +34.99210
25.99074 +2.34988
26.52583 +34.37452
206.79895 -51.71254
242.96419 -60.63194
25.78338 +27.75067
36.85644 +41.05994
41.76672 +16.19991
93.50892 +80.00380
106.99816 +48.66619
78.26493 +52.22999
70.94501 +28.97183
123.52828 +23.86634
192.39258 +25.46996
241.61421 -63.90356
30.46304 +16.25776
51.41299 -4.12493
256.89935 -23.89222
257.87808 +7.99462
294.67914 -29.80437
316.81784 -25.46896
325.89627 +43.69411
6.11520 +38.18565
67.75529 +8.08623
103.05285 +15.23657
107.45838 -27.57458
162.93538 +51.02509
246.51778 +2.90658
