193.02269 -15.45853
299.55957 -55.44555
345.20453 +26.74088
76.58630 +50.84199
139.29387 -4.75211
249.52284 -61.11291
355.04276 +47.97287
23.14738 +41.98686
43.50734 +14.97657
55.02976 -18.44347
57.05867 -21.47448
139.64899 +34.55207
304.75330 -22.15598
67.14029 -47.78255
69.96446 +7.05521
104.65457 +12.66692
314.47510 +25.09638
52.65261 -14.42552
60.69923 +19.00539
72.60106 +8.71306
115.50111 +18.73357
161.80540 +72.32305
317.23724 -43.68608
359.02859 -60.67123
118.27202 +55.24005
261.21210 +23.73593
298.96991 +5.99699
301.74142 -34.54852
327.31659 -60.71315
334.31589 +33.50388
341.05353 +9.41686
142.53598 -42.19851
259.88092 +86.73837
302.08539 +50.67875
337.06982 +50.78974
107.21974 +48.45006
114.23766 +58.77040
176.59268 +33.16177
193.14462 -9.77669
242.64313 +10.04040
315.10638 -14.49565
29.77064 +36.25861
114.37540 +59.68421
116.30659 +70.03244
120.50964 +56.64416
344.62216 +40.42955
345.51440 +27.05259
38.92430 +4.05179
57.72368 +39.78899
109.88977 -1.06680
113.28941 +19.19943
222.35457 -40.18059
29.06701 +3.76186
59.13850 -66.04066
107.29609 +43.69736
162.85634 +8.56710
244.34218 -60.63427
20.08207 -44.12866
353.45535 +30.06038
51.23278 +39.12901
159.75323 -50.42178
177.43063 -68.81273
240.27156 -61.11403
292.38824 +41.30498
344.57303 +25.77112
29.21712 +5.77477
52.72007 -47.97926
150.13795 -19.66198
202.52203 -20.93299
217.75452 +5.97843
259.97778 +16.66069
275.80734 +86.89047
22.94378 +33.61557
202.21715 +38.57769
241.45351 -60.14577
242.62708 -59.91859
263.25842 +43.75962
347.27789 +17.25921
39.73180 +9.09737
56.60706 +45.25729
57.69946 +42.28120
69.66547 +11.24099
71.90098 -1.16186
83.16160 +67.71045
113.48299 +73.64386
210.62317 -54.70974
255.37599 +30.16758
294.87161 +6.34846
8.98292 +8.71794
9.82606 -27.34924
78.52711 +2.51734
107.55659 +44.45731
258.32523 +43.78235
27.91756 +8.30046
43.47764 -72.75762
87.17975 -25.47734
203.67920 +9.33679
199.36981 -51.71650
324.37857 +14.58625
34.47204 +14.52171
36.51163 +30.17320
39.69773 +41.67042
49.25035 +43.52484
159.11523 -27.31922
267.33731 +62.22287
330.85211 +2.59482
5.35151 -48.66531
82.16834 +22.11360
112.94901 +18.28791
125.66655 +56.32933
156.39177 +70.07564
158.59836 +73.01393
161.05096 +6.75878
165.18422 -14.18772
169.21283 +17.79828
177.86766 +22.02598
202.89302 +71.48024
214.85448 -4.48913
261.15375 -73.94012
269.22931 +32.63661
272.59375 +54.22520
6.56101 +21.80737
38.32576 +22.39382
44.02999 +41.63117
79.32460 +6.13705
108.47553 +50.39877
219.59689 +23.33351
75.79797 -22.81398
108.47457 +23.08014
313.71964 +65.15907
358.19742 +46.80392
3.06553 +22.32180
49.48015 +70.03557
74.83786 +5.61829
107.70724 +7.87740
177.33270 +74.30219
307.16791 +4.34538
346.88629 +22.99800
25.38910 -83.21222
37.43252 +23.95586
181.12355 +20.31623
198.32253 -43.58318
203.91077 +75.03940
338.98474 +20.32226
49.81078 +41.14144
64.34824 +0.30652
173.43094 +32.63607
305.72818 -49.50679
335.23932 -46.03585
339.65775 +34.07143
105.98229 +53.75884
9.90698 +8.96541
25.16267 -31.82084
120.05357 +56.35337
208.05891 +72.73203
357.65234 +24.55625
251.46909 +59.62202
62.78939 -53.68663
173.13420 +74.62753
319.42609 -22.77084
9.04692 -32.57457
226.58675 +62.98097
300.78506 +7.10653
2.02831 +9.71773
37.34855 +10.17711
163.04312 -2.40974
236.05550 -17.18603
239.79640 +20.75459
43.41715 +41.72578
55.60015 +39.24453
295.29904 +43.41300
17.03617 -58.45466
42.66254 +20.68278
62.01129 +23.29287
107.75236 +48.68664
188.95497 -43.05764
195.12915 -44.24489
219.63869 +50.81532
247.31917 +3.11552
38.49355 +44.34446
156.39758 -2.21521
166.68404 -48.48379
210.63995 +14.55083
241.81090 -60.74733
342.28851 +34.99028
106.24109 +46.14060
219.65703 +46.66312
345.15503 +12.78231
20.33488 +40.48820
22.12191 +48.38708
32.17036 +71.03582
35.40287 -64.61016
81.26746 +72.57401
106.06790 +54.22272
128.19525 +0.22808
243.27838 -59.92399
348.21362 +5.80637
358.38403 +8.11813
23.55626 -38.61668
99.21552 +37.57049
107.86652 +48.24012
167.82785 +5.83630
4.58283 -73.15251
42.89425 +40.73140
57.59762 +6.97305
2.67031 +32.98308
30.33282 +33.32978
230.73454 -7.33155
259.43594 +7.61430
27.18235 +10.50798
39.30418 +21.56755
241.87375 +81.30180
3.48718 +30.88296
138.65547 +8.11718
226.88626 +76.14633
35.94571 +28.86372
45.68425 +41.62537
98.07806 +51.99500
218.55310 +25.46803
58.32998 +32.33008
101.88457 +29.36962
177.63974 +77.83284
252.98895 +4.38357
281.80533 -48.35739
315.76007 +20.50345
3.36226 +17.48644
7.78366 -22.61868
39.47710 +2.32803
111.85945 +33.81129
62.47620 +36.51717
117.33904 +52.66644
325.49387 -34.44590
350.32602 +25.38537
30.88699 +26.30722
80.08146 -61.25949
153.88408 +74.22029
311.58679 -2.81265
341.04077 +9.98913
349.79187 -66.67538
101.74975 +74.52823
122.11217 +39.96432
261.94284 -64.56163
338.57834 +41.32055
349.65979 +25.23286
350.21988 +23.80749
355.15729 +78.25345
356.65356 -29.07036
22.09075 +2.51304
25.17345 +45.83468
252.76230 -26.54222
256.14136 +72.44654
273.05856 +21.88475
329.12271 -55.56619
34.96967 +29.03624
38.76329 +41.35737
42.38094 +22.14422
153.04889 +4.92338
196.90160 -57.07387
349.76138 -22.71520
77.21664 +21.09144
153.61530 +77.82024
234.72870 +4.58305
304.88599 -53.50335
339.22339 +19.14388
306.60950 +15.01786
37.56866 +23.15325
50.60191 +41.47979
140.92915 +22.90903
345.72797 +26.83502
356.74298 -35.79459
50.64325 +14.91364
174.61124 -10.63877
251.28148 +61.84024
278.40250 +48.23635
335.94699 +35.38996
339.36093 +34.37430
65.63879 +3.20265
79.24062 +21.38476
181.90479 +2.69049
212.67151 -52.18419
236.41428 +28.08872
334.13840 -16.01645
119.51426 +56.68048
124.85107 -24.78566
195.26334 -40.42630
201.15735 +52.95927
261.61142 -59.72783
3.59345 +48.24652
3.93292 +27.44440
82.48121 +44.57750
104.49618 +35.73408
112.22562 +20.59178
239.84146 -60.02281
256.71884 +43.12213
338.51645 +10.17293
349.18207 +29.58755
8.50498 -3.16624
211.19353 -9.96221
340.50989 +30.70873
342.08099 +24.81764
350.33078 +1.40310
30.60839 +32.07225
207.21353 -7.64833
213.06593 +15.84194
257.96378 -23.02680
273.07678 +25.66233
332.71558 +2.10577
4.74760 +79.69572
32.49394 +35.72055
48.97537 +9.15963
49.36628 +41.61298
155.42152 -4.14029
349.80093 +9.29039
36.28083 +41.85153
94.61247 +50.88840
99.07216 +74.34397
99.24689 +74.28256
113.24355 -31.18818
154.85843 +44.40461
309.82599 -44.60628
36.36382 +37.17434
61.37650 +4.41173
124.43451 +73.31768
307.86273 -1.97472
24.31390 -9.19763
349.19934 -35.52411
353.27722 +9.75211
2.26760 +10.91890
3.48892 +48.15796
30.62908 +11.09308
68.84042 +70.10107
37.05314 +19.58332
20.45491 -44.05753
109.46920 +63.48562
224.87914 +73.89323
240.64786 -61.77453
270.50995 +45.29039
335.09549 +15.54244
25.37897 -65.61559
44.69756 +75.74448
71.60732 +3.50555
74.73217 -63.29822
80.15397 +19.05197
127.16991 -21.73645
139.98094 -68.90903
215.21248 +4.33185
229.34886 +7.89139
265.04614 +62.64179
299.36920 +50.42057
340.07187 +8.56591
39.44836 +32.41983
41.47633 +42.81217
110.00348 +17.94572
113.82807 +19.04597
116.12923 +67.27358
129.59634 +65.12102
149.47034 +36.34931
226.84308 +76.04907
296.15518 +47.98669
321.14774 -42.59102
106.01465 +37.91189
234.78215 +43.86528
251.98299 -25.03144
253.82513 +44.32359
255.37418 -70.01752
261.68060 -59.93203
305.54407 -38.30832
317.78165 -2.03877
159.33418 -44.85067
257.70071 +42.28762
326.96936 -70.98484
2.60781 +25.83184
20.87804 +11.29099
40.78646 -32.80198
91.93629 -47.41629
102.76232 +48.72490
121.02438 +5.11385
122.30876 -18.69505
172.01672 -36.54272
192.27098 -12.88652
286.23877 +34.46460
41.91877 +40.49484
57.96988 -8.83820
78.01380 +13.87316
261.34378 +58.82209
273.22556 +20.67309
310.16364 +3.59652
145.88792 +39.41505
304.89694 -32.84433
230.37663 +21.19063
240.97485 +25.01148
252.75180 -61.74507
257.10645 +25.51739
275.51187 +66.61657
339.19418 +19.38234
307.62955 -1.01407
338.96616 +33.94488
13.05740 +44.33100
21.22047 +9.70329
44.59202 +3.86276
