350.20642 +1.73901
30.15078 -25.05117
103.29803 +22.31188
120.20720 +27.50032
252.55826 +55.38462
279.45966 +37.47189
352.31311 +26.37893
35.96640 +25.54206
269.20657 +70.29077
350.13095 +29.30716
6.79613 +1.33371
18.56186 +37.95641
33.27522 +22.85579
90.52180 +36.10443
165.79590 +41.70517
192.25635 -9.45704
195.96025 -72.12299
199.80022 -57.07512
1.49485 -36.13650
43.71137 +8.78440
108.29298 +18.99603
109.99305 +22.09213
152.62663 -41.92532
177.83746 +21.88916
180.40074 -53.35763
1.28355 -50.82141
38.79214 +20.85146
125.73266 +4.12174
159.13271 -27.22095
247.28815 +8.13442
305.11688 -0.70996
339.68497 +37.59712
12.03610 +28.61387
27.74370 +21.99750
32.74899 +37.82386
42.53688 +12.84364
105.76517 +18.48724
210.88019 +9.22090
247.61195 +40.72504
18.79929 +30.19484
31.91574 +2.14966
44.29813 +45.14341
174.83626 +46.51342
274.12677 +29.90402
275.71121 +51.31922
349.70807 +7.04610
352.51248 -31.15636
27.28578 +13.05982
27.31245 +20.71129
42.77686 -14.72295
231.30083 +7.15480
254.41612 +40.70734
132.81161 +71.85234
153.16768 -64.03145
206.56502 -32.97332
226.37132 -49.56887
260.58209 +2.01842
334.14319 -26.82040
34.04809 +17.97137
47.12805 +20.77233
65.43729 -64.22285
67.12843 -53.73792
245.06282 -61.01249
327.70764 +2.02072
346.46426 +31.06355
0.61004 +3.35193
3.55358 +22.76650
22.60798 -26.78004
44.28839 +5.32091
55.95388 +14.31826
86.12358 +69.29898
96.40437 +65.33323
99.03418 +39.41447
105.89612 +40.31770
187.11365 +18.41529
216.80083 +69.89898
237.75076 +81.77644
273.04202 +64.98252
282.57684 +73.35149
312.62082 +9.81578
351.17056 +14.63203
107.71490 -35.38614
110.34985 +22.53207
210.35289 -9.82417
345.04022 +31.37513
352.50473 +27.08677
64.32913 +2.43331
76.77712 +3.97858
211.77309 +72.16904
303.01630 +5.76368
27.93925 +33.53738
30.42358 +46.40462
42.00937 +43.03383
50.01586 +1.36153
107.10121 -23.79316
287.63107 +44.31034
326.77750 +10.13941
335.38248 -37.03139
6.82178 +24.16925
14.19064 -63.48771
238.74574 -62.40792
358.13275 -30.18108
32.23108 -56.73705
61.30125 -65.83980
87.88007 -11.31466
188.66257 +7.15727
210.64432 -4.92889
247.12234 +82.89378
348.30765 -2.10037
351.23767 +52.24235
357.51089 +36.85046
11.03283 +30.35094
48.37193 +44.13144
51.10159 +25.68285
100.69373 +52.84896
171.70212 +35.25087
174.55403 +12.11192
212.56302 -17.83715
218.64572 +77.96661
250.14076 -67.45195
252.47551 -71.20222
296.74680 +56.91066
35.37574 +15.76162
37.29905 -11.02470
37.50003 +28.63367
38.32127 +32.74672
76.26247 -61.48450
95.17841 -16.06115
194.32643 +70.20345
216.79175 +35.92077
234.43831 +22.42628
284.41949 -52.52882
41.64886 +32.44927
51.93851 +46.93624
108.08380 +23.38037
271.06485 +7.04096
284.23166 -61.39978
325.58356 +14.80828
0.24550 +28.91172
26.83497 +2.83293
92.64825 -70.34759
250.21588 +65.78967
29.45896 +37.36173
31.89219 +2.11532
38.41134 +6.47331
101.11536 -17.93249
117.90702 +9.78205
125.14612 -1.37630
132.24973 +70.10968
199.13596 -15.30316
260.97369 +48.47903
5.39233 +38.09296
22.79358 +9.95073
111.78960 +33.83188
263.82910 +6.16851
318.04221 +11.65948
355.82019 +8.71060
15.33838 +31.50772
84.58932 +47.61422
27.87146 +36.06594
100.81126 +65.67751
114.26324 +22.35268
146.13724 -31.79193
7.66294 +12.68052
11.85107 +28.35225
20.94940 +33.05533
206.90518 -20.95876
280.96579 +42.62383
349.68134 +18.69833
357.13187 -26.84602
20.86803 +30.78446
60.25314 -52.98493
76.42105 +76.01980
129.49367 +66.13734
187.45172 +64.03378
318.02829 +13.00043
342.37140 +11.30302
1.27763 +5.20354
41.01189 -26.18640
59.86075 +43.31204
208.06841 +2.10852
267.76614 +51.02293
5.00812 +21.99971
17.27411 -16.00030
21.48455 +16.60182
30.35300 +15.64652
101.42199 -37.52071
209.21800 +15.70223
209.56897 +59.81456
216.62743 -54.36800
216.74266 +12.89913
0.87179 +27.35172
37.95573 +9.73619
44.81215 +16.03824
193.12274 -39.14606
205.29649 +30.37809
229.53584 +13.82866
341.03876 +10.07020
17.26665 -74.51550
29.52332 +37.57786
103.41754 +54.97379
115.30978 +27.61414
183.94275 +48.13143
195.92014 +2.56813
247.04814 +39.82193
255.23302 +58.93754
338.69946 +50.16764
349.44135 +29.02718
49.64984 +41.47722
231.64244 -48.11922
256.79880 +11.42130
295.35672 +51.82031
21.77296 +18.59878
43.69647 +15.58939
206.01346 -19.80682
207.88544 -48.08352
7.81510 -22.55993
54.39011 +23.29319
69.22053 -64.57229
83.51567 +13.78688
329.06238 +2.17262
358.45773 +10.94466
36.31810 +24.26480
40.39529 +7.18717
149.73444 +14.41890
159.91696 -46.29165
178.48964 +25.68499
232.93826 +67.55636
244.09369 +65.35388
263.63748 +50.26015
289.86148 +52.33198
307.46237 -38.97881
1.36655 +46.54360
36.46068 +27.41278
262.21564 +52.72345
355.22604 +27.50963
65.95513 +13.18170
101.48005 +51.62565
102.91922 +29.07218
109.17869 +29.85497
113.44600 +65.44602
243.59425 -61.14390
247.18506 +39.47386
12.89589 +29.40125
80.33330 +51.73038
101.72492 +46.40641
140.90231 -10.43374
185.19791 -6.97167
229.87564 +67.50459
260.59912 +6.67129
358.10187 +28.77266
21.83838 +11.97559
147.61403 +66.73604
192.90555 -41.30345
206.29956 +23.07187
221.70290 -66.44161
35.34696 +42.87645
79.07117 +6.31926
152.89548 +69.25810
268.80206 -0.04427
307.04980 +0.28827
337.31924 +37.75244
349.52591 +10.29992
0.63468 -30.62166
211.29764 -53.65934
255.61406 -18.72166
339.41357 +20.01605
13.59543 +31.66520
35.45206 +16.87465
45.16542 +40.87907
311.07492 +2.59487
319.47733 -23.03594
319.72244 +15.68083
328.53967 +15.03685
25.40555 -89.33452
86.06678 -55.53244
113.23357 +64.99248
137.60158 -58.56513
141.52103 +50.43827
330.71295 -47.19732
94.71995 +51.92286
129.06416 +28.06023
192.88551 -27.78301
266.44647 +55.77670
289.17825 +44.78328
6.99822 +30.76484
20.36500 +7.01808
31.40543 +6.77202
38.35206 +20.27302
41.54150 +24.53742
136.98462 +49.59679
159.18721 -27.46953
212.22964 -26.94907
267.59088 -59.56086
355.95639 -67.71494
245.71948 +82.39177
332.49689 +16.49062
28.51978 -67.90296
51.59171 +21.33527
52.67608 -3.16356
282.00876 -63.60262
356.84912 -2.35126
21.73992 +39.01825
53.30246 -50.41425
115.97955 +62.07152
228.13330 -49.56749
35.27652 +23.60035
37.10786 +28.46760
58.32286 +36.58934
157.35037 +55.18675
162.29184 +29.81596
209.23723 +70.75435
276.70758 +51.13918
348.29684 +10.77216
4.64959 -7.04880
28.97091 +18.04452
40.12081 +19.29711
57.43794 +28.16680
57.96077 +13.71468
119.13358 +56.68712
133.69621 +20.22020
243.24799 +2.18123
243.60748 -61.40865
267.07401 +34.10186
34.79887 -12.78163
40.71666 -25.45431
60.62368 -9.33546
104.12412 -65.56048
200.17099 -16.90041
267.69070 +23.13862
319.38376 +15.46151
336.65338 +36.72893
18.41648 -30.23750
107.60042 +74.89104
236.82744 +68.36778
5.23101 +21.86602
23.66574 +55.41753
62.85290 +16.54696
242.67763 +57.46654
256.90384 +60.72869
269.14621 +62.61703
326.00958 -4.88483
51.09504 +40.78867
89.63049 +40.51743
178.55110 +0.13663
252.29808 +53.41979
316.48114 +7.67722
184.88998 -56.32463
201.72470 +32.19322
218.54529 -40.54877
249.55844 +41.93885
326.65411 +8.29245
354.21832 +26.51000
27.69511 +32.54670
71.09477 +9.78355
278.99390 +51.45882
21.30427 +2.06695
41.49408 -28.26967
105.46693 +22.27711
115.11946 +20.69923
141.91852 -80.17995
178.74017 +69.33011
241.37158 +19.94214
280.48856 +50.23561
5.35653 +22.51171
13.48022 +24.77213
88.90083 -53.94614
150.31403 +70.98558
165.39160 +45.65383
168.60022 -3.89317
266.77301 +57.30107
298.00946 +48.12682
300.28668 -37.78508
339.69778 +72.54669
2.46629 +4.67516
92.64375 +79.86691
229.82971 -41.23313
259.35504 +7.69535
264.61353 +24.95343
342.54733 +31.37851
69.61022 -21.74536
180.65233 +41.05421
234.85130 -6.84452
336.96048 +29.09597
341.05127 +34.35122
57.49404 +17.83369
68.44356 +11.85292
247.08331 +38.81142
19.10969 +39.05286
30.53036 +23.54985
51.16211 -40.23970
241.91991 -62.30991
264.63617 +12.74387
350.00504 +32.92287
42.33616 +19.30400
178.42703 -54.10488
236.64998 -62.85793
275.74554 +30.66742
307.73029 -0.64934
332.02390 +67.69252
