77.16918 +70.48003
106.03094 +29.24059
234.08910 -3.26339
244.15459 +68.20265
269.12192 +65.21334
283.28397 +57.29974
340.59961 +30.17122
20.86851 +33.33177
89.59543 +79.79780
105.76428 +39.24075
155.99231 +68.38263
248.87775 +57.48681
17.30845 +32.15134
60.66741 +14.16452
160.00410 -28.04890
198.82323 -16.48609
211.76253 -33.18819
234.56631 -44.41101
183.97200 +13.21580
326.13840 -6.52316
64.31947 +61.18552
210.61615 -33.92188
2.75340 -12.82244
17.90610 +33.35429
37.24093 +35.37209
69.33331 -69.20378
217.42444 +78.86428
284.27216 -62.31087
28.63605 +20.06492
29.07948 +5.65214
48.22784 +2.76401
67.80772 +8.51110
74.65478 +69.11752
74.97870 -18.54458
243.88005 -62.54125
290.95871 +34.79501
353.66119 +26.72343
10.72518 +32.58098
20.06584 -30.18546
33.71077 +31.47057
34.08756 +32.66652
45.03592 +5.80458
107.41401 +47.91499
169.20717 +26.54721
171.53589 -5.58592
192.55772 +7.57903
196.82419 -54.12651
264.56567 +35.53467
21.70287 +12.02414
30.24550 +8.31117
37.30809 +22.96633
313.95386 +10.50783
39.90007 +8.46451
49.29856 +37.13700
84.74286 -41.73719
171.65971 -68.34387
243.78824 +46.77454
269.21149 +28.08057
6.29218 +6.49090
78.54798 +1.87966
211.69519 +71.88911
274.48215 +41.35571
294.42667 -81.82079
315.59018 +10.97110
9.48190 +4.91132
30.64338 +17.16772
56.25409 -53.40256
88.96886 -61.40350
95.98421 +51.64091
120.40986 +6.62397
252.36598 +58.89865
334.60498 -38.03836
348.59262 -2.72819
47.10211 +34.36673
185.25859 +39.90001
348.30023 +16.77135
81.34187 -31.54352
106.66715 +23.89346
140.29791 +64.25166
32.17582 -7.79078
65.50440 -10.17221
218.90942 +73.53122
238.87900 +41.95042
270.17999 +28.71187
277.23944 +51.65104
285.79611 +73.79543
351.44922 +8.04054
358.76996 -20.88016
43.99001 +6.49481
162.58478 -17.04367
207.72331 +2.32367
234.77144 +5.57133
244.03636 -61.04322
245.28474 -61.30482
55.01025 +71.40585
65.02164 +0.21749
87.20544 +66.88403
156.64439 -2.82994
170.55530 +24.31726
358.04984 +31.46529
11.01600 +26.20696
24.69660 -31.82154
52.59906 +15.76746
81.37208 +21.85613
111.30991 +53.44606
141.41846 +73.90010
243.52657 +34.87067
251.63266 +65.54549
262.66931 +6.39258
271.75278 +52.26012
13.22267 +41.97078
29.57930 +20.96242
49.32682 +3.61193
60.55757 +45.30881
71.64880 +70.12063
110.76755 +58.09673
243.89639 +68.39767
344.60770 +26.63894
36.72565 +25.03272
109.95541 +49.86208
110.52336 +17.42076
177.23355 -69.79337
31.92771 -65.92803
32.48699 +16.03274
45.90318 +41.16603
150.22086 -42.68461
297.35361 +63.50909
325.89886 -5.36024
332.78415 +29.64415
4.23417 +27.88981
5.47992 +22.00639
33.98371 +23.38000
40.42779 +44.07792
79.81955 +5.75709
170.49294 -2.68070
210.19864 +48.44387
18.70024 +4.18942
20.99384 +33.31331
42.81562 +50.87814
45.01797 -10.82461
82.01328 -39.57385
89.04430 +41.00518
142.80424 +30.02266
159.77356 -46.27765
178.80484 +22.69521
183.40338 +46.49398
275.96964 +21.05162
312.77731 -52.71259
357.57452 +36.66968
86.42058 +13.10518
119.77736 +27.46405
157.11595 -3.24260
187.97815 +15.12394
323.74527 +1.45553
0.82181 +3.62206
119.65224 +8.24945
186.58282 +26.83843
232.97583 -49.95633
276.89105 +62.11649
11.46024 +49.67025
14.95547 +18.00805
15.09077 +19.83626
42.60832 -31.55828
68.68452 +8.14446
78.56387 +62.58001
93.01485 +51.86421
122.08573 +64.38158
241.06429 +69.45533
255.42552 +41.22936
18.20541 +37.02386
183.41505 -56.31341
326.62762 +38.47986
354.82922 +27.24582
356.85181 +28.39354
21.09083 +32.22384
32.58844 +21.38586
37.09028 +10.38214
95.49900 -64.98840
123.49545 +45.74215
146.34377 +68.60827
159.32344 -43.11881
187.50381 -5.98159
0.83527 +8.61877
8.60468 -7.59952
24.24867 +42.32332
68.54346 -13.37000
103.30738 +47.16877
112.51927 +34.02777
160.97595 +70.37349
359.90134 +14.80560
16.11236 -64.11998
66.57739 +86.19532
100.11576 +53.20800
106.98974 +54.27229
107.47073 +54.96843
111.67797 +47.09397
207.48894 +70.72838
207.62885 +24.97663
218.15976 +31.67021
344.82739 +25.91329
22.74261 +14.10843
29.53565 +2.06450
200.07394 +33.14474
29.22251 -2.01897
34.67857 +35.46295
40.39988 +37.22666
56.53415 +45.83948
214.86092 +45.84229
268.59985 +7.38626
354.85812 +9.20755
0.23345 +20.33799
36.96576 +45.94707
38.86182 +19.65739
89.75716 -52.47663
104.92015 -17.45064
125.48779 +66.53139
143.54425 +0.24205
171.03619 +6.21484
193.98877 -28.64602
249.06172 +66.03394
308.89682 -44.37528
0.32942 -27.41995
2.60990 +28.98794
32.02062 +1.89439
51.00084 +16.18278
76.69279 +25.21425
171.23438 -3.81119
217.71222 +13.96876
227.80467 +10.45137
270.70352 +29.30718
299.21320 +16.56080
79.41821 +9.71241
124.75790 +21.18589
188.77359 -37.27776
208.70114 -19.66649
252.45206 +46.71815
256.38092 -26.38910
321.55975 +9.79798
355.34753 +16.15511
104.95841 +35.45804
255.38533 +27.94145
5.30077 +29.64601
9.82753 +3.95251
108.71070 +33.24698
168.69350 +11.12761
318.09473 -23.12434
14.42357 +33.35145
20.32271 +33.09037
46.92977 +29.59833
61.31575 +21.37333
229.88164 -47.43417
270.04901 +34.49990
337.68408 +22.54252
18.22171 -30.69402
46.44496 +22.20344
56.79631 -54.58794
71.28757 +5.47655
82.91512 -82.78294
233.77647 -45.19542
259.11377 +43.34277
339.09479 +34.54364
354.80591 +27.54860
20.27332 +33.37892
49.37153 +41.37564
49.64736 +41.66699
55.43488 +39.33715
121.37395 +37.53589
196.49713 -7.51384
266.49112 +57.25716
313.91623 -22.06411
356.93005 +27.42723
29.60413 -78.42703
43.09464 +36.73513
47.69137 -10.79624
162.10052 -3.31343
224.40819 +29.96849
226.06033 +52.49408
271.10870 +23.18908
4.99314 +19.40237
32.76867 +7.67089
79.10566 +6.34182
170.27293 -5.69642
199.14821 -52.38481
199.37874 +20.60011
247.00395 -66.79418
278.61859 +18.97433
344.05850 +19.13196
356.11139 +27.60250
45.19590 +11.77229
141.42009 +22.33002
173.53259 -9.46709
257.52130 +42.37165
272.36069 +19.11767
282.09286 -63.21766
11.53764 -55.56848
154.77063 +46.45506
156.48006 -14.72085
160.96913 -1.29449
300.22253 -38.63699
349.63843 +18.74973
350.79236 +32.52772
30.01887 +23.76373
39.60593 +1.96872
68.34356 -18.67704
114.15860 +2.88850
115.36742 -38.58456
116.29908 +12.40507
181.18286 -52.48028
182.72343 +76.12586
195.51387 -14.88289
249.12726 -64.43431
7.83530 +30.79250
29.18138 +15.01480
45.37479 +17.85286
56.99986 +40.73300
130.85883 +3.61459
204.63412 +0.54026
208.54692 +5.22720
259.68118 +36.00281
267.44974 +25.79494
270.07895 +34.63981
22.19953 +40.31905
33.43777 +4.10223
101.07264 +25.93487
122.23100 +0.30149
170.25195 +21.33781
352.47723 +8.96578
87.90076 +39.82965
126.55474 +4.59536
157.06940 +79.82335
205.54532 +4.26257
278.10864 +34.08121
299.76669 +50.80206
43.59236 +31.29264
85.08416 +11.48395
264.38727 +17.53297
277.45416 +23.01132
4.13698 +30.34591
66.15235 +31.31370
166.01782 +13.86126
188.52548 -72.65061
206.76814 +11.10622
251.96822 +36.70599
252.06355 -30.58450
15.76755 +54.03464
36.63772 +29.83063
54.80662 +15.81956
55.05783 +15.47565
190.40544 +26.07283
205.28268 +23.28197
314.51590 +11.05381
5.91914 +30.55937
24.53747 -32.85465
29.64298 -7.71182
33.44137 +19.25326
51.35371 -16.23392
75.12563 +4.38652
103.12389 +52.98833
256.67981 +52.11124
279.36111 +39.36058
295.30298 +49.91026
336.13904 +18.06573
348.90927 +18.91975
18.66058 +1.82944
223.96823 +24.71971
259.30548 +7.74129
277.20026 +50.37244
279.93323 +22.31642
298.09860 +4.33790
340.54379 +19.99696
2.60565 -46.49202
107.68446 +50.20244
152.31024 +40.35191
174.22655 +19.97165
183.15898 -32.58286
185.57288 +74.83842
269.99301 +44.85403
33.41762 +31.19193
107.64491 +49.87301
126.78271 +22.84210
177.11470 +12.72731
244.89624 -59.20255
245.59802 -61.59866
285.15134 +18.40903
288.86450 -58.23801
348.94308 -51.04341
3.56451 -31.65812
15.54472 +32.41395
27.39470 +32.57961
32.16342 +43.00736
50.89187 -16.77981
119.96684 +58.61646
221.86473 +1.97852
266.77106 +54.88192
318.31876 +8.86498
332.39337 -6.11427
10.66371 +2.73730
105.82717 +54.87538
233.51707 +22.93425
264.62808 +9.68955
