96.84038 -47.17675
107.93764 -26.65839
158.98389 -70.20776
349.09003 +28.49038
43.94553 +6.21752
64.03671 +2.07706
109.83959 -27.58218
113.70561 +62.54605
130.92056 +65.18444
155.24062 -4.95048
244.07497 +60.42918
244.20802 +35.70177
357.47995 +28.66796
22.22254 +13.79267
60.32575 -64.89674
102.19959 -47.27114
108.36555 +35.09652
112.93450 +63.24320
156.30431 +67.29711
195.61369 -32.54282
43.10809 +41.88318
63.48389 -53.47537
114.42916 +21.63472
237.54836 +69.56007
309.54712 +6.90268
356.06696 +9.04902
78.49557 +2.30299
103.74969 +84.04186
201.99495 -54.96788
345.70078 +21.87436
159.04585 -27.45416
205.30370 +83.49817
85.93335 +16.63013
340.37286 +35.26626
355.51401 +4.31083
356.38043 -20.98050
79.12083 +6.40236
83.91580 +10.02430
174.65828 -54.83590
222.90369 -13.58597
335.05438 -15.94824
4.54393 +18.29227
27.82480 -21.46263
126.22282 +66.86944
172.43060 +51.23772
255.21867 +37.10023
276.03510 -78.69228
348.49219 +25.44297
354.61179 +26.98517
24.13601 +39.92278
233.97437 +38.67531
255.74170 +40.52464
255.78673 +46.37362
277.60599 +34.10277
32.53763 +36.70456
78.89936 +6.26517
87.51097 -25.77088
158.47850 +67.77681
249.78249 -28.98226
309.33447 -80.78114
314.85016 -4.44120
316.58533 -40.56773
353.01059 +32.42244
7.28373 +2.81110
33.73368 +36.58377
41.80377 -22.20882
112.28982 +53.03845
340.70963 +30.50279
354.61926 +26.81853
107.35347 +39.10336
111.31050 +59.40762
118.77592 +55.70369
150.68512 +79.47042
309.26791 +12.65129
317.79929 +4.39951
35.60229 +5.84650
47.73264 +45.01767
54.13606 +44.03830
188.17400 +14.05158
198.43869 +24.98244
219.86426 +11.92867
259.27707 +40.84496
289.79181 +44.16039
337.05008 +50.76646
345.90045 +9.29066
349.84354 +23.82665
7.77669 +5.07874
25.92661 +31.60203
112.69564 +62.71989
266.50928 +59.32312
285.87833 +50.77790
317.11136 +18.19120
351.64365 +2.33422
354.57709 +26.88687
114.97740 +55.89928
139.41901 -59.61732
201.40486 -27.32994
357.20599 +54.56311
10.61322 -23.62880
21.63877 +39.88107
41.21991 +41.98871
71.28017 +72.78603
103.96579 +13.90604
113.96573 +24.47938
157.47104 -35.37521
164.99057 +46.07249
315.75769 -14.26011
40.93384 +32.49566
78.61390 +6.02829
186.35417 +80.29195
355.24805 +25.60591
208.64668 +38.44948
255.33609 -11.56162
103.72758 +85.63808
107.26138 +6.92872
129.25757 -49.90838
240.96007 +41.52177
255.36172 +6.92653
331.78555 +6.48611
344.10361 +36.24163
38.47482 +9.63183
44.26907 +15.98343
78.80109 +59.94873
107.83376 +31.14470
150.84837 -37.39585
159.14906 +5.91058
174.59239 -21.09604
222.88600 +74.51270
28.03734 +39.38258
42.41216 +14.61979
46.41866 +33.39404
138.63983 +35.71764
164.00859 +2.51134
190.65555 +14.35713
211.55168 +14.71113
316.11346 -48.23949
22.58513 +10.69989
30.66496 +27.57485
44.03640 +15.79249
101.37601 +25.83063
169.57182 +18.84693
211.89578 +73.03136
237.07234 +68.22076
279.10162 +20.87041
345.90118 +10.38723
41.99047 +40.30809
46.33292 +2.38018
209.65134 -24.46900
260.84668 +36.50281
275.78687 +30.75208
357.44247 +8.20826
36.55183 +27.60340
44.12056 +6.31762
108.48811 +7.75949
110.43521 +55.67924
153.13422 -45.23702
177.87556 -11.42473
293.09207 -30.27398
305.14676 +56.24991
331.34219 +5.18388
335.89804 +11.86117
359.61612 -32.94425
16.87750 -61.33884
32.74140 +32.69944
39.70010 +2.21743
193.24686 -24.05718
288.99060 +72.77415
324.95203 -22.58424
35.05714 +8.20545
61.46098 -70.40903
68.27736 -13.59926
70.15491 +0.50482
81.42365 -31.53649
164.93825 +17.65030
179.70117 -55.31684
268.11148 +7.48892
307.04059 +0.47325
40.92993 +7.69147
60.41965 +23.20630
86.81210 +50.64039
113.11444 +10.90447
127.50118 +70.83114
165.18768 -14.05480
254.98000 -18.73830
256.79996 +39.01193
358.83896 +30.38515
6.62175 -62.94118
36.88811 +23.05988
135.81360 +78.56297
156.41740 -3.58995
231.75891 +26.70515
245.08148 +1.74027
319.19534 +15.05821
19.01741 +37.64852
29.24118 +35.94579
255.59224 -26.67416
350.11136 +1.56029
350.51886 +13.03571
35.38581 +39.35680
48.81080 +41.98068
97.27110 -36.31587
113.70822 +57.91138
199.91373 +30.25637
274.92172 +7.31661
277.79736 +19.20404
308.99100 -21.82468
36.43965 +24.77781
47.44512 +46.60118
128.91600 -54.71870
15.95963 +10.59021
112.28088 +6.00919
117.41013 +61.44838
141.97644 +29.79179
264.56296 +28.45539
334.62537 +4.27464
345.27362 +11.03216
350.74292 +29.23461
200.60954 +21.42577
241.41173 +3.07276
336.06757 +5.36081
246.45157 +55.36063
279.95807 -62.95604
350.29083 +33.39954
46.52421 -39.02040
93.41654 +69.72924
160.26917 -46.36890
168.28287 +5.07272
216.24428 +27.81742
236.29814 -66.29025
349.41183 +9.43326
349.80087 +22.43544
24.07692 -13.69605
54.40874 +3.11879
122.43407 +25.88167
167.83606 +5.83027
189.04498 -55.00980
252.35085 -25.74475
263.40811 +72.97015
264.14749 +50.76588
320.22824 -68.02206
344.53290 -3.78878
347.46860 +7.51573
354.59485 +27.15821
20.45799 +18.26758
40.99353 +5.43860
48.54200 +16.48541
166.49338 +8.35801
193.48326 -9.20652
258.32892 +37.81987
276.01004 +65.30626
317.17297 -43.51143
41.72517 +42.67043
159.66820 -46.24785
354.70874 +27.21505
0.06772 +32.79260
10.14774 +1.67220
32.98922 +29.31388
35.21811 +16.35381
36.68375 +19.39629
60.29645 +5.55169
103.23242 +27.36600
103.36275 +77.40941
197.05156 -54.24499
259.42654 +24.21214
278.52054 +51.41352
348.64285 +6.55642
353.76050 +4.80371
24.23379 -13.94402
61.10731 +6.78507
105.72501 +10.61039
107.68768 +50.08142
138.86293 +77.00075
206.16258 +30.31874
284.52823 -49.01129
337.71198 +36.56312
72.95522 +8.84397
130.89746 +64.25804
162.77802 +76.79628
176.12390 +69.72980
208.43228 -52.93267
296.52264 +64.14713
314.56989 +17.83555
324.02777 +7.93945
359.92212 -6.80691
73.46490 -18.78947
223.68533 +79.29636
259.82803 +49.96156
265.94308 +56.80409
297.91434 -83.09888
340.12595 +3.35854
18.52812 +38.12259
87.57378 -10.29766
149.80809 -19.85225
6.84220 +39.83785
32.65678 -15.77359
39.90236 +36.08125
69.97005 -44.28822
77.88676 +20.67093
108.29421 +6.61886
154.41917 -5.68374
195.61357 -54.32950
220.16243 +38.63774
327.43597 -56.71972
25.64986 +54.29257
72.77731 +12.92540
267.39148 +16.67939
351.76245 +29.11351
41.45552 +3.23101
51.25386 +2.90753
104.96460 -36.80126
119.32881 +58.52090
243.39284 -61.81545
274.93378 +48.56119
300.98886 -55.99816
306.89069 -55.09035
350.09259 +26.44527
27.55142 +27.19618
104.94863 +27.56876
107.36482 +32.98940
108.51969 +54.98751
146.53421 -63.27247
172.63116 +51.45592
259.72537 +8.44084
21.46436 -1.31810
184.54410 -57.04367
185.20195 +5.63976
293.32642 +34.98105
352.15259 +17.27108
42.51886 +41.38927
56.62429 +15.41220
91.08771 +48.42179
155.46909 +23.86078
53.77690 -55.09216
118.35964 +50.22832
120.50150 +56.91775
189.82735 +28.90425
193.72075 +73.17845
261.50656 +39.31949
286.93253 -55.30942
322.04520 +2.47427
322.37625 -23.11556
325.48267 -20.78548
359.36688 -30.46123
16.59187 +6.28246
44.75364 +6.26827
172.07359 +2.65394
342.58130 +11.53124
24.74683 -29.92431
31.42950 -71.11546
55.03347 +39.60843
70.81613 +27.91245
86.07648 -79.11973
95.37453 +51.11086
192.71715 -14.49189
235.73090 +70.82812
343.37268 +31.64505
4.42408 +24.66722
159.38022 +72.00462
169.64522 -2.11227
269.82892 +44.29900
15.81073 +8.82577
44.22221 +5.87225
60.35102 -51.42540
74.11948 +22.00891
93.77416 +0.19217
140.54416 +65.32496
191.40948 +74.48150
194.93210 -53.83377
41.49894 +42.54226
201.12009 -30.43148
214.86322 +72.53491
219.47256 +69.01448
77.35024 +8.80519
97.05222 +35.46706
100.26762 +25.36916
196.53461 -31.71982
292.69836 +41.30362
316.61832 -48.12104
63.26215 +75.00603
63.74388 -54.33624
66.88583 -54.19669
119.60634 +8.14475
129.49091 +39.89632
159.01775 -27.50886
344.74420 -30.49394
49.58726 +41.46354
127.33662 +55.51889
157.61841 -3.19519
230.99767 +69.76217
255.91588 +9.29730
280.24887 -63.65648
330.16458 -28.20685
58.81117 -52.33350
117.44538 +61.35501
255.29124 +20.67334
262.98242 +71.84045
308.15912 +9.91636
45.85888 -15.66189
117.29095 +55.60465
230.28177 -13.70832
