250.27222 -66.59677
251.71016 +59.09346
273.93240 +61.69788
312.18533 +16.71598
343.98059 +31.67158
38.93077 +44.07994
41.69949 +42.04064
66.15316 +9.69211
155.94717 +53.09937
181.62688 -53.85943
195.15469 -22.18859
323.73776 +20.60110
336.79947 +31.50516
354.49075 +27.26445
29.76460 -61.86237
67.67893 -53.70447
159.41608 +71.99243
166.01410 +49.82170
219.26001 -54.04392
245.58493 -61.35854
171.23334 +13.22535
178.32077 +23.46456
191.79874 +26.71346
207.27304 +68.81283
262.79236 -8.45284
20.25571 +40.44648
75.64357 -44.74097
175.80534 -12.76471
21.57614 -52.65235
85.81094 +16.50199
195.02116 -15.36514
196.86824 +26.72549
293.50006 +50.01680
300.48010 +49.15060
5.65860 -48.58113
44.65746 +6.17587
105.97897 +53.66719
169.82483 -54.94891
178.29572 +20.65883
327.96216 -74.99034
355.66006 +27.09185
3.81379 +29.36283
6.45327 -62.32998
100.10178 +52.00608
121.63858 +61.07327
161.40205 -48.28874
265.87076 +49.09797
307.04199 +0.49136
346.56155 +31.88549
30.33757 +55.25203
54.20957 +21.12700
96.38223 -85.69850
107.31611 +49.82031
160.87062 +80.89104
208.53468 +30.83457
230.44318 +68.88670
326.46429 +9.47532
9.92981 +9.00525
24.39910 -42.54562
73.48705 +3.59346
113.92301 +11.61203
114.30594 +35.66802
279.64175 +17.03962
354.66165 +27.01134
356.00476 +27.71555
29.96586 +7.41182
204.99069 +30.10769
251.02521 +62.08734
347.49951 +6.78972
17.76691 -32.17066
43.21612 +13.25641
230.35962 -18.22534
9.08049 +25.80743
27.89023 +33.21654
63.70202 +35.18103
125.49439 +73.99803
351.37357 +9.86887
4.22381 +27.84813
14.42362 +43.79255
28.48730 +36.64122
79.59196 +67.73164
85.63705 -49.61678
94.55920 +50.71428
223.35619 -4.69787
320.27878 +26.26701
95.35418 -64.91895
267.81223 +15.81979
43.46366 +41.72747
51.89432 +8.99516
136.46742 -55.38205
164.53807 -69.65006
16.98350 +2.54587
111.27856 -63.53399
152.77805 -49.12800
178.95737 +25.13147
343.45047 +20.21044
12.77571 +29.53762
40.26258 +8.74695
73.56918 +1.66741
90.99091 +8.65402
126.49171 -11.77901
182.66496 -52.42699
190.23737 +71.77106
274.39749 +7.46572
11.56346 +49.48247
16.79837 +10.83690
61.04029 +22.13171
68.48773 -13.46245
84.33031 +9.89395
126.98286 +4.97827
188.95988 -72.68117
220.27669 -8.87521
325.52686 -4.21499
89.42241 -51.97021
103.64619 +50.35249
243.83896 -61.90259
256.62631 +14.13925
271.95477 +35.88348
302.11398 -56.16183
38.65076 +29.96503
107.90912 +46.93578
206.86337 -32.81941
228.52580 +4.22219
263.30234 +70.77493
331.12299 +12.44263
340.10681 -71.24098
355.32315 +70.51037
15.87846 +32.31569
67.60637 +0.47107
68.42813 -13.33992
107.66869 +6.45371
321.25421 +12.44104
339.36649 +35.52599
2.36937 +47.35583
71.35659 +18.41805
113.18522 +18.60496
120.53400 +7.67313
198.87538 -55.88793
213.13014 -7.00615
258.87546 +43.75245
342.40625 +12.00613
28.34915 +36.01216
155.19366 +53.96844
157.06551 -50.51721
197.08711 +73.57205
287.51135 +28.95467
41.74327 +41.77598
44.44758 +6.02767
267.96991 +49.54440
294.37329 +6.35907
339.14880 +2.39669
20.37662 -61.35395
33.27667 -50.50761
41.89808 -25.14663
94.35515 +28.12111
105.74597 +18.53816
113.65308 +57.51643
194.34901 -39.31001
195.29689 -22.27309
330.84674 +42.48072
350.84390 +13.31928
9.93672 +33.15814
28.80823 +35.45856
57.13918 -54.33508
60.49947 +20.24046
201.46350 -27.62687
282.20642 +18.55410
9.63388 +23.61332
23.88190 +35.66875
30.08158 -1.36974
106.22221 +10.48396
346.86783 +15.36653
44.63037 +40.86084
46.87406 +47.51616
93.71361 +28.45841
97.66702 +51.86370
108.08223 +26.07141
126.89850 +64.22801
250.71846 +51.56582
270.25287 -63.80514
13.64928 +42.27610
17.68461 +33.55840
33.47630 +31.86200
177.98846 +46.81704
198.04677 +35.66968
222.66415 +42.74092
253.67534 +66.49475
279.34213 +59.64299
349.80991 +26.05554
25.86918 +30.60123
266.78406 +20.86051
267.50558 +60.09228
5.55638 +22.48305
16.48330 +32.41213
63.21432 -74.24892
209.41597 +25.77369
267.86624 +21.80949
35.60525 +17.66924
67.20336 -49.49160
75.88838 +6.65736
97.96239 +25.01168
197.09369 +21.78686
301.88861 +50.68822
27.02944 +36.45318
33.17649 +13.96938
67.68793 -12.62731
77.56040 -0.71982
85.64442 -55.43856
234.45154 -47.42181
245.32385 +51.55702
250.06006 +23.76530
279.24780 -64.30161
354.50049 +26.45946
1.55929 +8.88768
9.94273 +35.85223
27.27404 +34.98312
142.84262 +67.78183
161.12228 +79.12849
168.58099 +31.43959
255.65775 +43.27115
326.89725 -6.45506
335.86099 +18.74099
349.16064 +15.89757
72.00706 -46.13846
107.66115 +50.17726
165.56131 -52.96591
278.40717 +59.88968
295.31900 +1.87295
355.09668 +6.24959
44.76825 +32.63052
51.56417 +38.06500
139.28268 +17.40993
225.62540 -51.20647
234.96951 -44.59422
331.21191 -58.11237
340.82666 +33.99917
347.54547 +29.91540
348.76370 +13.15762
44.96785 +6.53291
49.26859 +15.48452
78.68896 -14.44865
115.26714 +54.43053
151.98851 +77.00419
175.68233 +8.97422
182.37698 +48.90036
229.60837 +72.92545
230.38896 -7.44768
263.83694 +68.09886
43.92792 +6.34842
95.69019 -65.16494
282.68588 +84.58278
358.73575 +30.21144
24.55783 +36.60938
151.34087 +19.28622
251.59085 -31.12045
307.62805 +1.86641
329.07312 -29.27357
25.17435 +20.83989
39.31877 +7.33582
60.15477 -84.36672
108.48555 -28.66911
319.46448 -22.83890
55.53075 +4.23319
274.52490 +39.82525
11.66124 +36.33135
23.88048 +11.95343
36.68792 +22.75126
39.72226 +10.29452
72.30257 -54.39865
80.46169 +52.83801
108.90105 +26.16196
197.12527 +84.63046
252.67815 +4.60504
308.67642 +7.98942
308.35703 +16.07567
355.59634 +27.33186
4.34882 +18.08417
4.64313 +30.03627
73.65896 +69.71493
166.10707 -4.25365
194.54501 +71.42014
208.18704 +25.03996
242.92674 -59.99883
275.76721 +29.90139
354.33371 +26.87795
356.27585 +29.06391
82.32497 +55.78199
110.01844 +85.58721
166.68088 -4.74343
221.36586 +30.42894
321.79315 -23.01816
359.40689 +18.19092
31.21149 +11.42280
47.83051 -8.90241
51.57468 +4.54105
122.12049 +11.17856
170.65492 -69.44238
346.73492 +5.96153
12.22426 +9.71691
18.60944 +42.55629
28.14788 -16.51779
38.30967 +25.50611
137.37730 +45.95230
144.18968 +31.07549
175.98959 +19.95375
207.69450 +2.30701
270.92496 +67.05202
281.86224 +42.99263
317.44498 -43.57712
20.78113 -32.68296
61.40389 +11.30197
75.79794 -20.31673
239.59122 +2.96250
304.92365 -39.28860
305.02985 -19.70757
340.45312 +37.71920
145.53085 +48.15490
172.76427 -9.61901
244.57129 -61.19502
260.99313 -80.06407
311.84818 +13.08591
44.64338 +6.34417
246.30449 -62.05498
255.28688 +6.85758
260.12637 +52.64300
332.26212 -75.04885
3.63271 +10.77464
39.25880 +20.42743
39.90218 +42.01537
176.36104 +9.16073
212.43941 +78.60109
216.57382 +26.24611
315.49316 -13.17294
339.64487 +35.42754
0.12939 -50.15420
133.14722 -78.52038
178.43640 -5.42673
202.44040 +33.35261
210.83711 -41.37771
280.71188 +39.54906
301.68964 -1.74163
44.34803 +16.09520
75.64374 +0.24481
78.94906 +6.32291
108.36246 +27.51383
153.30214 -5.62900
207.06628 -30.57522
231.82372 -65.64847
260.66254 -59.50727
340.91714 +6.12194
39.25108 +25.62534
139.37930 +41.99408
187.68649 +57.30027
198.40286 +78.24172
282.60886 +73.34541
73.19238 +4.39225
335.99783 +8.90292
30.74544 +45.02376
36.56041 +37.29199
55.22596 +15.63395
193.27713 +36.81960
194.48204 -53.31878
195.07518 +80.06868
202.94678 -36.04597
234.48911 +72.55427
247.10423 +41.16853
253.32161 +81.64763
62.30537 +71.72509
74.08866 +11.03540
91.68732 -67.11726
115.68851 +66.25835
167.57773 -69.24206
274.18161 -49.79847
117.13148 +65.33660
124.36044 +64.54610
190.24350 -36.73189
273.99271 +13.78534
9.03878 -7.69844
34.71355 +33.72437
41.50490 +28.02804
42.14902 +14.26525
241.57652 +2.17053
321.48175 -22.76008
349.10364 +24.49703
355.27655 +25.16906
359.86972 +1.58333
35.82972 +53.39299
194.37505 +28.18715
212.17186 -55.23511
335.37000 -22.26263
347.41367 -72.02599
354.00623 +23.03847
356.44757 +27.33921
38.16866 +18.46593
98.41572 +40.68780
176.28882 -71.84079
176.98795 -11.85232
210.07674 +5.04505
261.81760 -59.94914
279.24350 -67.27415
