314.40289 -38.48258
346.87656 +27.68341
353.51950 +9.71389
95.45996 +27.16831
109.51315 -29.73343
202.43541 +33.33908
256.77988 +8.92686
261.39017 +20.77370
298.24765 +42.09649
15.19119 -85.52295
92.14404 +62.64825
103.18362 +55.59528
200.06264 +30.89979
282.68567 +33.95978
324.27292 -70.98255
338.65378 -22.48508
30.95420 +43.00219
39.53148 +1.38839
52.22400 +40.03634
86.20692 +9.67771
96.29048 +28.55373
113.32587 +32.54602
199.61079 -15.76959
312.03204 +16.38323
76.20724 +76.86585
105.60869 -28.71002
117.49370 +55.92436
156.35809 -67.65292
313.45178 +7.84643
17.09562 -47.09877
68.04195 -10.64387
234.40627 +73.25684
318.54044 +2.99377
325.11459 -63.95407
20.70278 +33.96862
79.63369 +6.38381
105.50985 +27.82823
113.47131 +49.29197
177.10712 +18.94011
226.76718 +21.21066
253.99727 -1.25037
260.78070 +12.90661
277.35345 -77.00203
335.63263 -38.63204
345.74652 +16.60443
3.94998 +19.98293
90.81245 +52.05258
107.91665 +7.34656
190.05386 -5.79928
243.07297 -61.40281
246.82253 -60.07357
281.48892 -72.63003
339.58972 +35.95913
55.31524 +15.35856
123.47061 +64.33720
206.99026 -37.94215
243.08841 +4.60662
62.84118 -46.00754
66.71043 +40.47395
167.02513 -5.16720
174.21475 +20.00497
176.49773 +20.44720
205.21681 -28.08881
217.15953 -3.33147
333.71503 -34.09359
357.13272 +24.60355
37.85899 +1.34627
341.37076 +21.80795
355.17722 +27.17805
42.25470 +15.73328
122.59341 -18.28609
193.02094 -9.33336
231.60666 +42.35402
326.56952 +9.68554
5.30532 +30.47436
5.31687 +30.50601
64.77476 +26.17995
84.14657 +50.31287
129.59593 -55.17814
203.79207 +75.02831
211.82018 +75.92932
239.10210 +42.39555
275.18738 +38.14288
338.38898 +30.80480
347.66217 +9.18890
342.21188 +27.96264
34.49905 +35.76322
76.99358 -77.35958
79.80300 +5.87813
109.95545 +6.57722
113.09857 -5.81231
123.71638 +0.06628
218.38350 -33.80445
264.80789 +63.96141
355.67709 +8.49011
358.32651 +27.70540
57.68958 +74.12666
91.40054 -19.00777
195.39059 -53.27441
36.24560 +27.52383
52.20330 +40.16849
99.90318 +43.37135
313.86627 +15.50564
319.24191 +83.82124
338.67328 +51.15293
352.61044 -17.72821
26.12723 +17.10247
35.88096 +27.32332
69.57954 +72.28143
93.85538 +34.04271
103.34624 -29.36992
170.55489 -5.80577
345.13443 +13.03429
13.29960 +31.64853
42.47399 +16.98485
54.46736 -19.00836
105.60857 +19.97017
257.90866 +49.56384
261.32687 +23.31674
280.60931 +32.37553
69.44174 -47.25331
170.08376 -4.45421
255.37131 +30.32510
283.40204 +66.23209
21.27950 -38.00775
57.63612 +36.53246
65.27841 +66.07570
66.10765 -53.40189
118.57560 +3.38323
168.67799 -70.95335
229.92032 -48.96288
259.08917 +7.05292
269.03568 +64.28368
338.50085 +20.27589
154.41525 +22.80997
163.26601 +4.63179
339.71164 +34.30304
343.70959 +21.80653
9.66904 +29.58652
50.07175 +80.24631
92.29403 -54.40684
140.86720 -62.88226
247.69554 +3.50877
257.09198 +0.96408
341.95966 -61.40157
21.19272 +2.07528
42.24886 +47.10343
77.78813 +6.32263
116.43520 +4.98134
279.51871 +37.22837
324.94116 -22.40644
32.39415 +6.09633
203.03651 +76.84051
279.21390 +51.43458
343.24692 +11.82627
12.52360 +7.19302
256.77588 -70.79778
258.73102 +6.21216
260.43845 +75.84864
270.84320 +29.09167
348.87143 +25.12041
53.30506 +36.18438
70.09169 -44.80415
117.96138 +55.08754
200.93062 -35.89507
222.65767 +22.73429
307.87619 +7.11311
44.11814 +4.61050
52.24049 +1.75071
68.23390 -13.61069
157.69130 +73.88538
345.33209 +28.40122
169.23447 +35.25389
354.30304 +44.15802
8.38687 +19.95911
84.33105 -42.40946
165.98753 -6.41183
265.94363 +34.58060
345.52356 +25.76119
28.09064 +35.79619
55.71453 +15.99851
259.14291 +7.32616
8.93468 -45.74588
29.40705 +37.45638
277.62875 -47.44862
12.70632 +30.16423
17.55857 +50.17534
20.37072 -61.37613
29.28759 +17.77006
166.83150 +18.42992
359.36554 +18.31142
5.32291 +23.09087
47.55898 +42.82915
51.99688 +39.90435
158.99229 -27.56246
191.86728 +3.03860
197.45174 +59.02217
241.45219 +55.36468
255.19621 +29.82057
6.45859 +5.41541
6.75813 +45.70396
41.17878 +15.24009
102.25031 -34.08585
110.01588 +55.93222
156.63698 -67.67988
168.70930 -2.84413
206.85138 -32.78082
229.68137 +5.89843
264.33423 +26.24521
357.44815 +30.03911
12.60699 +24.52060
51.50203 +42.02467
75.97044 +6.39301
121.77300 +27.12603
129.35381 +24.87999
157.88036 +12.49560
202.85475 -1.69304
220.58887 +8.99600
35.88276 +25.46507
41.47734 -32.04925
102.95612 +29.97943
111.78543 +59.47803
179.74898 -53.19014
357.95975 -27.96534
102.03519 +33.57376
110.77308 +55.03584
261.85831 +21.10734
39.79597 +41.24565
42.38761 -31.19913
66.30244 -16.40188
107.81500 +31.17056
202.93840 +72.60545
23.72028 +55.40233
39.03559 -50.32683
53.05618 -52.45664
73.37259 +27.30478
110.41269 +20.26990
127.28216 +38.23829
145.76082 -2.25237
193.29285 -6.41437
258.67047 +42.85827
316.22809 +65.70947
19.87780 -75.38964
35.76433 +42.91277
37.16579 +23.01228
114.34987 +55.17956
119.71539 +7.49330
152.48349 -2.83444
206.44737 +70.07938
320.25742 +9.17755
344.88196 -46.63677
118.33750 +63.32423
190.41100 -9.16310
232.38396 +67.64254
344.46545 +26.16216
9.73946 +26.87943
20.44670 +23.78093
52.49561 -28.72640
75.41714 -15.39839
116.56445 +53.76725
180.86359 +22.21040
182.58452 -46.71017
190.15082 +26.50557
257.06650 +11.84965
258.06396 +53.12009
301.82495 +3.13757
344.05341 +5.38395
96.15434 +50.97871
122.74693 +72.79446
158.99121 -27.31910
201.71172 -10.02401
258.03781 -23.47402
327.85941 +34.13232
350.68268 +8.36039
351.81714 +4.76759
26.33841 +34.26282
26.40465 +23.43736
44.48973 +5.78750
58.77313 +43.57569
92.48009 -33.64934
107.83134 +51.17194
131.30238 +79.62073
151.17068 +4.81822
152.06856 -39.64106
152.07494 -2.52674
154.41925 -0.48157
173.04330 +1.20723
286.28528 +26.84949
311.86389 +64.47931
327.54349 +30.82350
17.18522 +33.46395
22.70967 +25.91518
24.29593 +23.21986
88.56107 -51.97651
117.57026 +27.85695
243.24963 +4.34549
264.61444 +61.03994
283.10095 +73.19436
335.98416 +3.76784
20.87540 +34.56867
95.78094 -64.93054
103.96166 +40.69414
108.18213 +50.06179
142.79614 +52.63520
240.67982 +66.49313
246.16042 -64.71394
249.06462 +66.24007
10.21529 +2.84175
48.33059 +17.98952
117.62057 +55.48381
201.43832 -3.86434
215.61404 +15.08683
239.87042 +39.82763
349.79565 +10.80234
356.55655 +5.86905
4.58543 +30.03993
39.61433 +29.75807
44.68530 +25.39505
121.29276 +47.05135
236.96251 +69.46974
245.83324 +34.97036
255.81551 +31.45798
281.97940 -63.08951
295.43567 +50.62088
343.18802 +33.39774
355.99640 +8.33119
0.73742 +4.20872
18.13364 +31.98261
37.08130 +29.45591
43.16864 +41.39629
68.78619 -13.31015
267.28793 +61.67391
333.32870 +49.82326
26.10511 -41.83179
42.74783 +3.52354
200.38252 +32.91974
200.93022 -57.52951
268.38672 +64.17302
333.45367 +39.23650
18.59290 +50.22729
78.43294 +1.95325
121.18504 +61.53527
263.33646 +36.74836
267.11908 +12.52795
341.33310 +34.05952
17.93151 +35.27611
43.92536 +9.32420
79.34693 +5.35668
104.66392 +53.48632
183.06671 -6.39610
233.26982 +0.55632
240.24564 +70.60074
325.36697 -39.76493
16.82051 +24.50916
46.23100 +21.37667
55.34064 +15.42356
112.36508 +56.14286
209.75627 +0.24119
214.25423 +7.26014
228.37209 +42.33033
305.59583 +2.15563
13.74596 +30.80527
17.14437 +16.90018
113.06370 +58.60135
125.18855 +19.36227
127.08511 +2.44554
225.31192 -7.47493
61.14835 -46.04187
150.66226 -5.15078
156.71631 -3.26036
211.19090 -5.56527
267.39786 +16.68190
333.73334 +31.77455
338.87036 +19.67950
23.74163 +33.92362
108.88478 +40.49120
111.64962 +23.07294
219.05988 +73.50603
292.86462 -67.36903
41.98896 -77.98901
49.31576 +3.59174
230.38737 +39.20075
335.69138 +29.77667
180.42470 +20.40508
194.59145 -51.36819
244.33792 +59.32016
9.77137 +6.02105
34.80762 +41.71634
79.20435 +5.38505
137.97029 +16.27847
305.65219 +3.93046
338.57587 +50.41302
152.71034 +75.75423
223.28909 -11.20787
250.30711 +59.08508
350.68719 +23.21115
5.20282 +20.03157
15.16059 +30.31638
40.95457 +6.64291
43.40635 +6.06101
