106.11369 -34.64791
112.42788 +57.32890
268.55399 +6.06264
317.57877 +18.78513
317.99106 -45.91168
343.58661 +32.47036
352.29407 +35.04852
8.21024 +11.73687
9.07658 +32.90318
45.03345 +16.50406
170.94154 -4.70664
300.86581 +6.98971
121.83442 -70.49297
144.13281 +59.39841
277.73914 +29.87673
50.22397 +37.86711
79.45820 +5.28875
231.07455 -38.12251
40.56874 +42.39321
44.49331 +5.78307
55.30632 +15.37886
73.58918 +2.13398
91.51572 +82.71912
108.71669 +14.38134
141.49709 +77.80729
12.20031 +11.37018
50.13469 -2.00548
100.82415 +21.00562
108.78193 +48.74888
113.89804 +56.04746
259.00577 -52.79008
316.49866 -45.12451
322.86191 +15.80510
330.48544 +15.17526
0.90729 +8.63525
67.80746 -12.43336
29.08927 +35.57256
86.41167 +69.06061
129.02214 +1.89411
240.61438 -60.32821
348.16049 +33.69963
17.58301 -45.85510
23.70601 +34.03477
28.54699 +35.92237
111.61866 +53.16767
238.04852 +59.24882
253.23431 +30.50233
355.37015 +4.17186
4.70556 +30.06197
67.28847 +70.89745
127.66875 +20.59970
141.13174 -63.24402
244.86749 -61.24441
246.83365 +62.65956
248.94554 +44.41563
4.55900 +29.95212
12.14437 +27.69245
16.93124 +39.68060
44.07335 +4.52932
55.01912 -2.06844
65.25019 -45.07238
181.17149 -28.11631
199.86430 -33.92548
317.85831 -23.21299
23.64479 -3.34319
86.27058 -25.79452
138.71855 +79.19623
4.49932 +24.56304
16.72526 +1.94554
39.49355 +34.24118
183.25093 -52.54401
330.41101 +9.98190
352.00345 +47.39956
352.08371 +35.30208
8.18505 +30.75069
29.12704 +37.33559
203.68645 +33.89040
237.25211 +71.23830
307.65103 +55.31617
324.11069 +40.25306
99.75192 +57.38270
112.03352 +28.93035
149.86395 -64.73097
311.45349 -56.83447
1.97806 +20.41091
22.09343 -65.27087
22.69563 -42.46196
78.72106 +6.25118
98.14474 +40.20798
116.30884 +11.06332
317.52710 +12.05616
330.16946 +19.66795
334.63245 +29.24407
352.41385 +85.86072
18.41456 +38.17245
44.43122 +5.86569
145.20735 +11.55287
312.84000 +18.97801
75.57496 +7.63618
172.46326 -12.37223
254.93382 +42.53956
309.60236 +20.65642
38.79195 +32.65228
54.98836 +15.43682
120.84048 +6.99883
241.45647 +18.53550
276.67874 +34.33164
296.45142 +46.07553
335.75580 +30.92480
348.51331 +8.99250
11.14342 -8.34683
36.25259 +19.70251
99.90259 +20.74260
247.88879 +5.08446
259.04874 +44.06574
261.16422 +45.49239
104.33378 +73.49283
162.07957 -3.58848
193.41267 -38.44880
234.13455 +41.79932
246.50053 -60.59296
43.03293 +41.57983
68.96682 -13.32976
112.55661 +24.49166
143.08083 +0.31601
169.91588 -3.30529
194.89131 -19.40028
234.36749 +13.16920
306.09076 +12.57766
344.46161 +16.76292
20.72118 +33.41360
50.85858 +39.10992
63.29779 +6.55838
80.66653 +7.54632
81.86346 +7.48126
90.18025 -68.66952
103.98843 +16.47015
111.24093 -27.53244
241.53044 +17.46085
282.00601 -63.18988
73.68541 -62.79976
73.83512 +1.60467
92.25204 -33.84369
109.35057 +22.51323
267.99127 +72.14745
286.35809 +42.46105
6.47677 +25.72369
7.21305 +28.93959
50.94320 +6.56181
72.89252 +5.72060
107.74282 +49.02271
286.73166 -23.89063
348.93243 +25.09454
11.83081 +23.04881
80.46619 +6.28556
127.45258 -22.13440
270.51801 +69.71384
341.50214 +21.12558
9.31735 -53.26152
23.74271 +1.33586
39.36450 +23.30003
99.86642 +33.56676
114.81003 +59.38370
135.70073 +73.31078
274.30139 +64.56554
344.83932 +44.96970
21.62820 +1.45870
80.76138 -81.98235
117.72505 +9.58992
147.14679 +81.19282
192.63393 -6.24449
326.83701 -17.54931
330.81238 -55.98096
332.21158 -35.11749
28.77795 +20.19413
38.68447 +34.49808
115.80865 +54.96876
158.87851 -27.38052
